/*******************************************************************************
* The MASH Framework contains the source code of all the servers in the
* "computation farm" of the MASH project (http://www.mash-project.eu),
* developed at the Idiap Research Institute (http://www.idiap.ch).
*
* Copyright (c) 2016 Idiap Research Institute, http://www.idiap.ch/
* Written by Leonidas Lefakis (leonidas.lefakis@idiap.ch)
*
* This file is part of the MASH Framework.
*
* The MASH Framework is free software: you can redistribute it and/or modify
* it under the terms of either the GNU General Public License version 2 or
* the GNU General Public License version 3 as published by the Free
* Software Foundation, whichever suits the most your needs.
*
* The MASH Framework is distributed in the hope that it will be useful,
* but WITHOUT ANY WARRANTY; without even the implied warranty of
* MERCHANTABILITY or FITNESS FOR A PARTICULAR PURPOSE. See the
* GNU General Public License for more details.
*
* You should have received a copy of the GNU General Public Licenses
* along with the MASH Framework. If not, see <http://www.gnu.org/licenses/>.
*******************************************************************************/


/** Author: Leonidas Lefakis (leonidas.lefakis@idiap.ch)
 *
 * TODO: Write a description of your heuristic
 */

#include <mash/heuristic.h>
#include <cmath>
#include <stdio.h>
#include <stdlib.h>

using namespace Mash;


//------------------------------------------------------------------------------
// Declaration of the heuristic class
//------------------------------------------------------------------------------
class catches: public Heuristic {
 
public:

    
    virtual unsigned int dim();
    
    virtual void prepareForCoordinates();
        
    virtual scalar_t computeFeature(unsigned int feature_index);
    
    
    //_____ Attributes __________
protected:
    float fhn;
    float fist_[1024];
    static const float Dict_[256][108];
    static const float P_[108][108];
    static const float M_[108];
};


//------------------------------------------------------------------------------
// Creation function of the heuristic
//------------------------------------------------------------------------------


const float catches::P_[108][108] = {
{1.9234,-0.39655,-0.093885,-0.060922,-0.028685,-0.031925,-0.38254,-0.074808,0.0038648,0.017456,0.021944,0.016974,-0.068652,0.0054963,0.024518,0.029819,0.02681,0.025235,-0.036398,0.020963,0.030108,0.02726,0.027104,0.025018,-0.0034593,0.024953,0.026549,0.025975,0.026375,0.024907,-0.0038782,0.021761,0.025448,0.025612,0.025519,0.02295,-0.56282,0.00036939,0.085891,0.045295,0.051242,0.042319,0.001333,0.11084,0.064112,0.046412,0.044457,0.042579,0.087632,0.059743,0.034623,0.034524,0.031595,0.033543,0.040407,0.041944,0.034315,0.031875,0.031836,0.031352,0.046188,0.038767,0.031286,0.030792,0.031398,0.030465,0.035514,0.035063,0.030909,0.029281,0.028912,0.027817,-0.35352,0.082425,0.095166,0.043431,0.048621,0.042357,0.081381,0.11488,0.040431,0.028308,0.030012,0.03128,0.091645,0.035143,0.011202,0.021507,0.022692,0.025479,0.033204,0.024777,0.02292,0.027104,0.028963,0.028292,0.040213,0.028145,0.024765,0.028309,0.02941,0.028223,0.032281,0.02787,0.026898,0.027908,0.027712,0.026704}, 
{-0.39655,2.1612,-0.37521,-0.068982,-0.054443,-0.028866,-0.098482,-0.28501,-0.073937,0.0080909,0.013796,0.016952,-0.00061427,-0.018338,0.0084757,0.025111,0.028755,0.023734,0.015805,-0.0065547,0.020277,0.02907,0.02676,0.025118,0.022009,0.014711,0.024471,0.02601,0.025982,0.024733,0.022205,0.013909,0.022371,0.024679,0.025239,0.024707,-0.0016986,-0.4872,-0.03074,0.09109,0.043762,0.051378,0.10182,-0.01761,0.088742,0.063924,0.044157,0.045858,0.062949,0.068441,0.054116,0.033354,0.033762,0.033122,0.042339,0.029461,0.037864,0.03271,0.031292,0.032144,0.039603,0.03729,0.036253,0.030503,0.031285,0.030403,0.035264,0.031008,0.032951,0.028797,0.029662,0.029944,0.082994,-0.34175,0.043317,0.098505,0.03958,0.047274,0.1135,0.02943,0.098668,0.044153,0.026391,0.031944,0.04188,0.06252,0.038564,0.013837,0.021426,0.023446,0.025276,0.021632,0.027486,0.023868,0.026799,0.028716,0.029104,0.032264,0.030979,0.026437,0.029263,0.028462,0.028447,0.028383,0.030706,0.026804,0.028184,0.02857}, 
{-0.093885,-0.37521,2.1893,-0.37268,-0.069937,-0.060492,-0.0048771,-0.080273,-0.27343,-0.076447,0.0064032,0.010009,0.020039,0.0072681,-0.013958,0.0077544,0.023529,0.026078,0.02657,0.018421,-0.0047528,0.018423,0.029166,0.025241,0.024494,0.024351,0.016294,0.024906,0.026152,0.023436,0.023614,0.023131,0.015006,0.024197,0.026128,0.024695,0.085388,-0.030562,-0.48202,-0.034242,0.090468,0.046259,0.066956,0.086303,-0.018177,0.084341,0.063695,0.047931,0.036817,0.055684,0.068437,0.053268,0.033197,0.036189,0.03539,0.038196,0.029417,0.036453,0.034403,0.032914,0.033267,0.037663,0.036103,0.035174,0.031021,0.030952,0.031137,0.033953,0.029198,0.031763,0.030609,0.030636,0.094741,0.043661,-0.34062,0.041084,0.098909,0.043995,0.046277,0.097313,0.029167,0.096399,0.045145,0.030395,0.014341,0.04014,0.064215,0.039418,0.014048,0.02259,0.022131,0.026498,0.024302,0.027836,0.025145,0.026879,0.025149,0.030866,0.033339,0.030764,0.026123,0.027913,0.025851,0.029894,0.027894,0.029088,0.026556,0.027972}, 
{-0.060922,-0.068982,-0.37268,2.1871,-0.37537,-0.093257,0.010762,0.0065911,-0.077377,-0.27364,-0.080894,-0.0041927,0.026803,0.024056,0.0086789,-0.014329,0.0065159,0.019335,0.024758,0.028759,0.018526,-0.0053841,0.018822,0.02746,0.024567,0.024697,0.024923,0.015718,0.023934,0.023969,0.024433,0.025316,0.024913,0.01693,0.023655,0.023197,0.045705,0.090068,-0.035076,-0.48219,-0.029716,0.084914,0.047722,0.063929,0.083953,-0.018001,0.086411,0.067808,0.035101,0.033704,0.054756,0.067828,0.055466,0.037342,0.032314,0.034346,0.037463,0.028544,0.038133,0.035891,0.03207,0.031143,0.036717,0.035304,0.036052,0.032802,0.030261,0.030467,0.032711,0.030233,0.032853,0.031031,0.042674,0.099261,0.040655,-0.34006,0.044724,0.094745,0.029749,0.045261,0.096576,0.02948,0.098041,0.047692,0.021347,0.014862,0.04074,0.063188,0.040401,0.014652,0.026773,0.024918,0.027641,0.022627,0.02685,0.022233,0.029104,0.026527,0.031488,0.032562,0.029868,0.025268,0.028273,0.026924,0.028549,0.028092,0.029078,0.026041}, 
{-0.028685,-0.054443,-0.069937,-0.37537,2.1615,-0.39392,0.018196,0.014252,0.0070825,-0.074964,-0.28584,-0.098348,0.025147,0.028753,0.025779,0.0086133,-0.018229,-0.0015435,0.024134,0.025913,0.029747,0.019317,-0.0072183,0.014968,0.025176,0.025317,0.025764,0.025241,0.014423,0.02227,0.024288,0.025017,0.026583,0.024422,0.013634,0.020723,0.050669,0.042743,0.090343,-0.030192,-0.48669,-0.00011144,0.044681,0.043038,0.062222,0.08837,-0.017108,0.10155,0.033058,0.033724,0.033032,0.054395,0.070189,0.062893,0.031645,0.031766,0.032789,0.037504,0.03005,0.041722,0.031391,0.031496,0.02973,0.036268,0.036584,0.039976,0.029362,0.029708,0.030557,0.033035,0.03014,0.035192,0.047421,0.03985,0.098999,0.044025,-0.34255,0.082857,0.031527,0.026419,0.044302,0.099502,0.028497,0.11217,0.02345,0.02159,0.015235,0.040138,0.063776,0.042067,0.028402,0.027616,0.024047,0.027333,0.022483,0.025798,0.029476,0.029305,0.024765,0.030283,0.031957,0.029488,0.027847,0.027859,0.027292,0.029442,0.027817,0.028338}, 
{-0.031925,-0.028866,-0.060492,-0.093257,-0.39392,1.924,0.016981,0.021895,0.017569,0.0030604,-0.076643,-0.38146,0.023809,0.027,0.029897,0.024897,0.0048667,-0.067695,0.024734,0.026216,0.027374,0.030588,0.020396,-0.035755,0.02559,0.025405,0.026186,0.026985,0.025713,-0.0033148,0.022856,0.02456,0.024679,0.024232,0.022789,-0.004842,0.042998,0.050416,0.045931,0.08674,0.0010908,-0.56336,0.041926,0.043405,0.047236,0.064513,0.10954,0.00092889,0.032603,0.03236,0.034283,0.033711,0.058602,0.087572,0.031496,0.031937,0.03175,0.03402,0.041054,0.040181,0.030406,0.030521,0.031217,0.031867,0.039554,0.045061,0.027522,0.029451,0.030712,0.030382,0.036228,0.034801,0.043231,0.048015,0.042492,0.0944,0.082212,-0.35382,0.03192,0.030043,0.028311,0.041138,0.11339,0.080852,0.025378,0.023265,0.02071,0.012849,0.036109,0.092125,0.029262,0.028554,0.02613,0.023381,0.025032,0.033593,0.029922,0.029033,0.028463,0.024898,0.028748,0.039325,0.027235,0.02806,0.028368,0.025783,0.029208,0.031939}, 
{-0.38254,-0.098482,-0.0048771,0.010762,0.018196,0.016981,2.1687,-0.28995,-0.036248,-0.022538,-0.0015846,-0.00094722,-0.37221,-0.077613,0.0048188,0.014686,0.020354,0.019725,-0.049559,0.0074511,0.022365,0.028713,0.027187,0.026411,-0.033889,0.018207,0.028891,0.02627,0.026622,0.02662,-0.0033148,0.021764,0.024071,0.023813,0.025075,0.025562,-0.0021491,0.10096,0.066116,0.046899,0.044271,0.040632,-0.48934,-0.019479,0.063725,0.030791,0.037589,0.032875,-0.034451,0.088057,0.058726,0.041986,0.040398,0.037836,0.093228,0.059671,0.033074,0.03464,0.030973,0.031283,0.037313,0.040227,0.034511,0.031923,0.030852,0.030756,0.045819,0.03978,0.032223,0.030826,0.030477,0.029737,0.0814,0.11366,0.046913,0.030206,0.031841,0.031718,-0.34617,0.02584,0.059337,0.025329,0.033878,0.030983,0.042249,0.10046,0.045148,0.031943,0.033991,0.032442,0.10039,0.042837,0.01551,0.023956,0.02454,0.02512,0.029073,0.023592,0.023788,0.026802,0.028203,0.027754,0.038516,0.028493,0.025158,0.027684,0.029138,0.0283}, 
{-0.074808,-0.28501,-0.080273,0.0065911,0.014252,0.021895,-0.28995,2.3276,-0.28564,-0.026378,-0.021414,-0.001418,-0.084148,-0.28761,-0.075887,0.0081466,0.01259,0.019873,0.0054007,-0.010164,0.010644,0.022817,0.028168,0.026693,0.017691,-0.0068159,0.018178,0.029287,0.026168,0.026766,0.024866,0.014782,0.022801,0.024952,0.025301,0.026207,0.1069,-0.019569,0.085299,0.064458,0.044296,0.043814,-0.02125,-0.44318,-0.039165,0.068369,0.030215,0.036127,0.084917,-0.040935,0.073545,0.059541,0.039783,0.039753,0.061018,0.07389,0.054917,0.031908,0.033329,0.031621,0.040089,0.028003,0.035505,0.033381,0.031041,0.030977,0.039514,0.03672,0.035867,0.030715,0.031173,0.030489,0.11432,0.02825,0.096357,0.044833,0.027137,0.030492,0.026032,-0.33614,0.0087615,0.065818,0.025339,0.033356,0.099218,0.010612,0.091071,0.0487,0.029972,0.034107,0.044264,0.072652,0.044385,0.016886,0.023624,0.024844,0.023364,0.021403,0.026168,0.024425,0.02654,0.02787,0.027366,0.032462,0.030931,0.025722,0.028096,0.027778}, 
{0.0038648,-0.073937,-0.27343,-0.077377,0.0070825,0.017569,-0.036248,-0.28564,2.3455,-0.28568,-0.025541,-0.02357,0.004014,-0.079829,-0.27811,-0.078169,0.0082112,0.01349,0.0226,0.010538,-0.0069475,0.0097099,0.022836,0.026925,0.02885,0.018041,-0.0059547,0.018188,0.029256,0.026947,0.025662,0.024507,0.016938,0.023964,0.026212,0.026321,0.06379,0.087972,-0.019437,0.0835,0.061937,0.046726,0.063771,-0.039461,-0.43746,-0.042631,0.067673,0.029697,0.059712,0.070886,-0.040693,0.071004,0.059399,0.041596,0.034395,0.05615,0.073409,0.054417,0.031984,0.033509,0.033921,0.036041,0.027205,0.035665,0.033243,0.032479,0.031285,0.036057,0.036074,0.035038,0.030584,0.031222,0.040238,0.09771,0.027352,0.096382,0.044621,0.029459,0.059671,0.0086369,-0.33278,0.0070492,0.067235,0.02478,0.047418,0.088201,0.010722,0.089508,0.049029,0.032579,0.016505,0.044943,0.072184,0.045002,0.017327,0.023637,0.021649,0.025258,0.020372,0.02681,0.024308,0.02702,0.024169,0.030334,0.033239,0.030672,0.02523,0.028374}, 
{0.017456,0.0080909,-0.076447,-0.27364,-0.074964,0.0030604,-0.022538,-0.026378,-0.28568,2.3456,-0.28533,-0.03652,0.014287,0.0078751,-0.079773,-0.27838,-0.079524,0.0034058,0.028214,0.022797,0.011113,-0.0068346,0.0095276,0.022108,0.027458,0.029498,0.017577,-0.0057224,0.018021,0.029008,0.025103,0.026316,0.024898,0.01632,0.023647,0.026035,0.047324,0.06327,0.083643,-0.0209,0.086954,0.063462,0.030775,0.067409,-0.042428,-0.4386,-0.038484,0.064531,0.042618,0.058493,0.069312,-0.04058,0.072682,0.060073,0.033707,0.031582,0.055614,0.072768,0.055441,0.034313,0.031334,0.032613,0.034909,0.027389,0.035773,0.034219,0.030712,0.030294,0.036205,0.036498,0.035507,0.031441,0.028458,0.044826,0.095909,0.027727,0.098288,0.040723,0.025101,0.066897,0.0068564,-0.33258,0.0094871,0.060149,0.032891,0.04913,0.087893,0.010691,0.088849,0.046454,0.023246,0.01633,0.046052,0.072357,0.043984,0.016454,0.026749,0.02402,0.026309,0.022089,0.026191,0.022841,0.028646,0.025818,0.030764,0.032728,0.029904,0.024457}, 
{0.021944,0.013796,0.0064032,-0.080894,-0.28584,-0.076643,-0.0015846,-0.021414,-0.025541,-0.28533,2.3265,-0.29194,0.020047,0.01408,0.008449,-0.076702,-0.28775,-0.082767,0.027083,0.027485,0.022851,0.011252,-0.0096271,0.0064797,0.026032,0.026328,0.028856,0.017605,-0.0076169,0.017635,0.026077,0.025679,0.02587,0.024142,0.014294,0.0248,0.045536,0.044046,0.063561,0.085133,-0.0189,0.10854,0.037996,0.029505,0.066875,-0.038923,-0.4424,-0.019382,0.041139,0.039767,0.058184,0.073264,-0.041127,0.087262,0.032619,0.031915,0.031234,0.055268,0.072957,0.060558,0.030832,0.03044,0.032827,0.035527,0.027491,0.039626,0.030875,0.030567,0.030866,0.036696,0.036636,0.038518,0.029039,0.025851,0.046589,0.0986,0.027102,0.11285,0.033577,0.025074,0.066511,0.010699,-0.33611,0.025771,0.033446,0.031276,0.047852,0.090287,0.010228,0.099868,0.024708,0.02301,0.016981,0.044909,0.071442,0.043288,0.027514,0.026832,0.025148,0.026177,0.021202,0.024521,0.028552,0.02799,0.025778,0.030155,0.032113,0.027854}, 
{0.016974,0.016952,0.010009,-0.0041927,-0.098348,-0.38146,-0.00094722,-0.001418,-0.02357,-0.03652,-0.29194,2.1683,0.018314,0.019659,0.015057,0.0049853,-0.07669,-0.3711,0.026669,0.02624,0.028493,0.02301,0.0078811,-0.047932,0.025761,0.02668,0.027577,0.029272,0.018111,-0.032993,0.024569,0.023936,0.023967,0.024507,0.022337,-0.0030681,0.042737,0.045436,0.048793,0.068147,0.10097,-0.0022058,0.032576,0.037182,0.030997,0.06532,-0.019822,-0.48816,0.036662,0.039404,0.042333,0.058576,0.087623,-0.034757,0.03235,0.030642,0.033068,0.032785,0.059285,0.09261,0.030595,0.031063,0.031645,0.034089,0.039594,0.0358,0.030248,0.030692,0.031216,0.032033,0.039318,0.044576,0.032533,0.032232,0.030938,0.046712,0.11125,0.079688,0.030844,0.032921,0.023961,0.060003,0.025499,-0.3446,0.033092,0.03341,0.032262,0.045913,0.10087,0.041478,0.026889,0.024326,0.023189,0.015935,0.042897,0.099367,0.027814,0.027981,0.026356,0.022978,0.024655,0.029917,0.028667,0.028487,0.027866,0.024783,0.029172,0.039484}, 
{-0.068652,-0.00061427,0.020039,0.026803,0.025147,0.023809,-0.37221,-0.084148,0.004014,0.014287,0.020047,0.018314,2.1985,-0.27619,-0.032664,-0.020126,0.00075592,0.00082651,-0.36992,-0.079519,0.0020006,0.013164,0.019248,0.02007,-0.048004,0.0066945,0.023019,0.027732,0.0266,0.027567,-0.035392,0.015675,0.028071,0.024722,0.025125,0.025321,0.084727,0.062945,0.036551,0.035858,0.033151,0.032756,-0.0374,0.083708,0.059346,0.043035,0.040753,0.037052,-0.48263,-0.019533,0.061552,0.030641,0.036915,0.032107,-0.040104,0.084602,0.057227,0.04209,0.039192,0.037463,0.09398,0.060989,0.035246,0.035262,0.03147,0.03179,0.040546,0.041409,0.035383,0.032811,0.03205,0.030431,0.092299,0.043561,0.014978,0.021153,0.023349,0.026435,0.039945,0.097929,0.047032,0.032543,0.033945,0.033414,-0.34154,0.028265,0.060399,0.02683,0.034757,0.030921,0.035801,0.098208,0.044694,0.031877,0.032993,0.032108,0.1004,0.043406,0.016653,0.023759,0.024649,0.026075,0.033269,0.024646,0.022365,0.026004,0.028553,0.027122}, 
{0.0054963,-0.018338,0.0072681,0.024056,0.028753,0.027,-0.077613,-0.28761,-0.079829,0.0078751,0.01408,0.019659,-0.27619,2.3488,-0.27358,-0.021507,-0.018689,0.00093029,-0.080602,-0.28802,-0.077948,0.0087438,0.014005,0.020246,0.0076395,-0.010877,0.0095491,0.022515,0.028314,0.026049,0.02249,-0.0072611,0.017963,0.02879,0.026242,0.027807,0.058589,0.067974,0.055266,0.034734,0.034333,0.032737,0.085771,-0.043701,0.069871,0.059042,0.040094,0.039594,-0.020507,-0.43637,-0.039157,0.066634,0.028577,0.036177,0.082984,-0.044457,0.069928,0.058035,0.039214,0.040167,0.06055,0.074236,0.056197,0.032086,0.03315,0.030741,0.043252,0.029936,0.037996,0.034531,0.031355,0.03115,0.036486,0.064075,0.040928,0.015125,0.021104,0.022114,0.099582,0.0086444,0.088034,0.048677,0.031176,0.033218,0.02725,-0.32944,0.010891,0.066735,0.025054,0.034391,0.096885,0.0070626,0.088134,0.048175,0.030613,0.034396,0.042646,0.072349,0.045844,0.016916,0.023594,0.02508,0.023598,0.021327,0.026756,0.023656,0.02586,0.028451}, 
{0.024518,0.0084757,-0.013958,0.0086789,0.025779,0.029897,0.0048188,-0.075887,-0.27811,-0.079773,0.008449,0.015057,-0.032664,-0.27358,2.365,-0.2753,-0.021647,-0.019844,0.0035308,-0.079006,-0.27697,-0.078362,0.0081243,0.014317,0.022281,0.0091499,-0.0071519,0.010375,0.023051,0.028517,0.030528,0.019383,-0.0048823,0.019666,0.02986,0.028273,0.034531,0.054164,0.067775,0.054288,0.033512,0.034306,0.059086,0.072346,-0.042886,0.068243,0.058296,0.042037,0.061897,-0.038858,-0.43325,-0.042046,0.067422,0.029603,0.058003,0.069428,-0.044043,0.067694,0.058694,0.040865,0.033505,0.055129,0.072353,0.055169,0.032576,0.033624,0.03491,0.038435,0.029145,0.037422,0.033498,0.031116,0.011328,0.038488,0.06481,0.041718,0.014357,0.019517,0.046082,0.08975,0.009014,0.086799,0.047587,0.031928,0.061053,0.010317,-0.32682,0.0086824,0.067302,0.025993,0.046699,0.086842,0.0078408,0.08599,0.04878,0.032191,0.015034,0.044622,0.07258,0.044479,0.017462,0.024398,0.021661,0.027576,0.022809,0.027279,0.023701,0.025904}, 
{0.029819,0.025111,0.0077544,-0.014329,0.0086133,0.024897,0.014686,0.0081466,-0.078169,-0.27838,-0.076702,0.0049853,-0.020126,-0.021507,-0.2753,2.3632,-0.27495,-0.032274,0.013581,0.0087262,-0.078201,-0.27725,-0.078539,0.0041776,0.027624,0.022375,0.010869,-0.0060474,0.0099088,0.023183,0.027414,0.029594,0.019749,-0.0034002,0.019857,0.030383,0.034399,0.033533,0.053714,0.066044,0.05448,0.03473,0.043071,0.058961,0.069923,-0.043546,0.072145,0.05877,0.031033,0.067262,-0.042323,-0.43362,-0.037741,0.062217,0.041238,0.058706,0.06718,-0.044153,0.070391,0.058166,0.033539,0.032165,0.054667,0.072895,0.055232,0.034082,0.031762,0.033184,0.035947,0.029181,0.036875,0.034063,0.020954,0.013782,0.040014,0.063503,0.040028,0.011695,0.033244,0.047736,0.088094,0.0085511,0.089374,0.04548,0.026721,0.067034,0.0086313,-0.32728,0.01066,0.060196,0.031504,0.048039,0.086402,0.0084515,0.087193,0.045585,0.023651,0.017403,0.045206,0.073464,0.043968,0.01624,0.027182,0.024027,0.02691,0.023472,0.025984,0.02155}, 
{0.02681,0.028755,0.023529,0.0065159,-0.018229,0.0048667,0.020354,0.01259,0.0082112,-0.079524,-0.28775,-0.07669,0.00075592,-0.018689,-0.021647,-0.27495,2.3471,-0.27777,0.02005,0.014279,0.0087678,-0.078074,-0.28652,-0.081368,0.027372,0.02776,0.022599,0.0098014,-0.010285,0.0082551,0.027246,0.027865,0.029739,0.018125,-0.0069914,0.021165,0.032357,0.034531,0.033019,0.054816,0.069985,0.058505,0.041501,0.03989,0.05919,0.071772,-0.042741,0.087191,0.036999,0.029759,0.067325,-0.03767,-0.43703,-0.019476,0.038442,0.039117,0.058226,0.069702,-0.044872,0.083294,0.031223,0.032262,0.031999,0.055672,0.073313,0.060528,0.030995,0.0314,0.033065,0.037066,0.029893,0.041305,0.022907,0.021908,0.01485,0.040457,0.063854,0.035569,0.034177,0.029975,0.048089,0.088196,0.0079474,0.09967,0.033604,0.025628,0.06714,0.010622,-0.33105,0.027602,0.03283,0.031,0.048489,0.087303,0.0065932,0.097221,0.024926,0.023372,0.017763,0.046489,0.0723,0.0435,0.027393,0.026712,0.024168,0.02745,0.022484,0.02454}, 
{0.025235,0.023734,0.026078,0.019335,-0.0015435,-0.067695,0.019725,0.019873,0.01349,0.0034058,-0.082767,-0.3711,0.00082651,0.00093029,-0.019844,-0.032274,-0.27777,2.1972,0.019303,0.019903,0.01337,0.0043961,-0.080448,-0.37122,0.026976,0.027146,0.028056,0.021931,0.0064988,-0.046458,0.025332,0.026087,0.026323,0.026374,0.015313,-0.034216,0.032808,0.033229,0.036405,0.036819,0.061924,0.085857,0.038118,0.041034,0.042707,0.0599,0.085996,-0.036055,0.031875,0.036306,0.030279,0.062801,-0.019133,-0.48166,0.035982,0.038216,0.040046,0.058305,0.084118,-0.041079,0.031775,0.031591,0.033714,0.033905,0.061384,0.093308,0.030183,0.031515,0.032393,0.034341,0.042104,0.040325,0.025759,0.023836,0.023424,0.01356,0.041382,0.091793,0.03253,0.033774,0.032401,0.044798,0.098536,0.038794,0.031071,0.034978,0.027377,0.060547,0.028162,-0.34117,0.032832,0.033496,0.032552,0.046199,0.098326,0.035034,0.027043,0.025185,0.023914,0.015996,0.04455,0.10009,0.027842,0.028136,0.026069,0.021987,0.025938,0.032661}, 
{-0.036398,0.015805,0.02657,0.024758,0.024134,0.024734,-0.049559,0.0054007,0.0226,0.028214,0.027083,0.026669,-0.36992,-0.080602,0.0035308,0.013581,0.02005,0.019303,2.198,-0.27624,-0.032893,-0.020285,0.00082632,0.0019675,-0.36998,-0.081295,0.0032053,0.013085,0.019294,0.019365,-0.067355,-7.6251e-05,0.020554,0.027717,0.025633,0.02509,0.040347,0.042839,0.035973,0.033475,0.031584,0.031156,0.092001,0.060003,0.034832,0.034551,0.031897,0.031361,-0.042183,0.082889,0.057826,0.040551,0.038889,0.036097,-0.48352,-0.01954,0.061977,0.030259,0.037015,0.032653,-0.033965,0.085972,0.0592,0.042183,0.040395,0.037454,0.086725,0.061834,0.036169,0.036258,0.033588,0.032831,0.033927,0.02621,0.023206,0.027112,0.028043,0.029532,0.099795,0.043557,0.01723,0.023846,0.024972,0.02674,0.034308,0.097131,0.046598,0.032298,0.033482,0.032241,-0.34297,0.027631,0.061201,0.026965,0.03496,0.030981,0.041966,0.099094,0.046421,0.031918,0.033505,0.03213,0.092017,0.040506,0.013144,0.021035,0.023346,0.024015}, 
{0.020963,-0.0065547,0.018421,0.028759,0.025913,0.026216,0.0074511,-0.010164,0.010538,0.022797,0.027485,0.02624,-0.079519,-0.28802,-0.079006,0.0087262,0.014279,0.019903,-0.27624,2.348,-0.27392,-0.02146,-0.018122,0.0013541,-0.078187,-0.28624,-0.078885,0.008519,0.0133,0.019712,0.0059127,-0.017151,0.0068887,0.02444,0.029095,0.026826,0.042618,0.029972,0.037299,0.034676,0.031937,0.031227,0.059561,0.073161,0.055327,0.03207,0.032042,0.030837,0.082773,-0.046673,0.068869,0.05819,0.038982,0.039124,-0.020838,-0.43844,-0.038255,0.066174,0.028818,0.036789,0.087078,-0.040538,0.072615,0.058802,0.039974,0.040895,0.058601,0.069576,0.055584,0.034316,0.034256,0.03236,0.024047,0.022143,0.026471,0.025074,0.028838,0.028566,0.043008,0.071991,0.044688,0.017578,0.024395,0.024827,0.098256,0.0056357,0.086614,0.049022,0.031384,0.033343,0.027133,-0.3318,0.010489,0.066282,0.025485,0.034395,0.099689,0.010877,0.0896,0.047203,0.029547,0.033525,0.034385,0.064059,0.040219,0.013574,0.020732,0.023032}, 
{0.030108,0.020277,-0.0047528,0.018526,0.029747,0.027374,0.022365,0.010644,-0.0069475,0.011113,0.022851,0.028493,0.0020006,-0.077948,-0.27697,-0.078201,0.0087678,0.01337,-0.032893,-0.27392,2.3631,-0.27435,-0.020802,-0.019719,0.0046998,-0.07794,-0.27726,-0.076702,0.0095486,0.014141,0.025912,0.0077039,-0.013134,0.0084222,0.024193,0.030229,0.034438,0.037396,0.028846,0.036806,0.033477,0.032328,0.03415,0.055029,0.071241,0.054783,0.031133,0.034093,0.056777,0.068451,-0.045476,0.066487,0.057711,0.040994,0.062078,-0.038217,-0.43408,-0.041478,0.067901,0.030579,0.059063,0.072777,-0.040692,0.070185,0.058679,0.041155,0.035696,0.054849,0.068576,0.053382,0.032391,0.034463,0.022434,0.026993,0.022876,0.027516,0.024471,0.026328,0.01633,0.044977,0.07212,0.046059,0.017503,0.024028,0.046027,0.087566,0.0071302,0.086009,0.048298,0.032389,0.061174,0.010931,-0.32868,0.0080162,0.066742,0.0267,0.045164,0.089083,0.01041,0.087644,0.047727,0.031534,0.010637,0.038925,0.064116,0.039968,0.013962,0.021132}, 
{0.02726,0.02907,0.018423,-0.0053841,0.019317,0.030588,0.028713,0.022817,0.0097099,-0.0068346,0.011252,0.02301,0.013164,0.0087438,-0.078362,-0.27725,-0.078074,0.0043961,-0.020285,-0.02146,-0.27435,2.3636,-0.27481,-0.032619,0.014131,0.0085774,-0.077867,-0.27524,-0.075781,0.0051942,0.029304,0.024421,0.0082398,-0.012971,0.008374,0.025015,0.031963,0.033961,0.036651,0.02831,0.037563,0.034504,0.0343,0.032649,0.0546,0.072285,0.054889,0.032775,0.04124,0.058408,0.066918,-0.04588,0.067981,0.058207,0.030662,0.067191,-0.041984,-0.43423,-0.038206,0.062712,0.04229,0.059151,0.069176,-0.039899,0.07236,0.05777,0.034527,0.033462,0.053117,0.067914,0.053679,0.033627,0.026673,0.024656,0.027778,0.02285,0.02766,0.022781,0.023734,0.017752,0.045418,0.072328,0.045081,0.01608,0.032065,0.048506,0.085063,0.0062236,0.086232,0.046538,0.026692,0.067275,0.0076166,-0.3279,0.010961,0.060978,0.031758,0.048026,0.087166,0.012124,0.0889,0.044891,0.020674,0.014189,0.039678,0.064541,0.038867,0.011769}, 
{0.027104,0.02676,0.029166,0.018822,-0.0072183,0.020396,0.027187,0.028168,0.022836,0.0095276,-0.0096271,0.0078811,0.019248,0.014005,0.0081243,-0.078539,-0.28652,-0.080448,0.00082632,-0.018122,-0.020802,-0.27481,2.3465,-0.27787,0.019295,0.013848,0.0081467,-0.079799,-0.28773,-0.077165,0.028463,0.02919,0.023296,0.0084501,-0.016858,0.0058105,0.030711,0.03121,0.033476,0.037386,0.030469,0.042301,0.03183,0.033018,0.032327,0.05481,0.072629,0.058408,0.039003,0.038775,0.057835,0.069893,-0.046098,0.082612,0.03621,0.028531,0.067769,-0.036693,-0.43739,-0.019152,0.039517,0.039508,0.059104,0.071369,-0.041886,0.088279,0.032091,0.032626,0.033063,0.056076,0.069741,0.058913,0.02824,0.027888,0.024981,0.027286,0.022961,0.025109,0.025982,0.024317,0.017808,0.044031,0.071104,0.042727,0.033405,0.030509,0.047372,0.086351,0.0051321,0.09796,0.034022,0.025626,0.066801,0.011237,-0.33135,0.028517,0.033674,0.031658,0.048257,0.088675,0.0090804,0.10032,0.023018,0.021023,0.014031,0.041196,0.063008,0.034535}, 
{0.025018,0.025118,0.025241,0.02746,0.014968,-0.035755,0.026411,0.026693,0.026925,0.022108,0.0064797,-0.047932,0.02007,0.020246,0.014317,0.0041776,-0.081368,-0.37122,0.0019675,0.0013541,-0.019719,-0.032619,-0.27787,2.1957,0.018779,0.019181,0.013293,0.0033432,-0.083049,-0.36962,0.025572,0.02512,0.027812,0.020585,-0.00058041,-0.064749,0.031244,0.031807,0.032232,0.035392,0.041063,0.039183,0.031842,0.032322,0.034174,0.034703,0.060843,0.091186,0.03695,0.039327,0.041241,0.058332,0.083053,-0.042156,0.031851,0.036679,0.030365,0.062892,-0.018234,-0.4826,0.037149,0.040295,0.042059,0.059475,0.086345,-0.034538,0.031576,0.031989,0.03527,0.035299,0.062272,0.086782,0.028981,0.028162,0.027212,0.024297,0.02605,0.034295,0.026046,0.02458,0.02339,0.016666,0.044346,0.098994,0.032494,0.032979,0.031709,0.045109,0.097183,0.034507,0.031224,0.035006,0.027676,0.061102,0.028933,-0.34149,0.032852,0.034235,0.032748,0.045988,0.099132,0.04108,0.024733,0.024184,0.021858,0.013351,0.041372,0.090133}, 
{-0.0034593,0.022009,0.024494,0.024567,0.025176,0.02559,-0.033889,0.017691,0.02885,0.027458,0.026032,0.025761,-0.048004,0.0076395,0.022281,0.027624,0.027372,0.026976,-0.36998,-0.078187,0.0046998,0.014131,0.019295,0.018779,2.1633,-0.28968,-0.036063,-0.02282,-0.0014433,-0.00054652,-0.37622,-0.096534,-0.0036384,0.011101,0.01856,0.018833,0.044571,0.039473,0.033096,0.0322,0.030294,0.030167,0.03561,0.038931,0.034275,0.031927,0.030133,0.030384,0.092281,0.060174,0.033216,0.033209,0.031641,0.032015,-0.035971,0.086501,0.059263,0.042636,0.040095,0.037562,-0.4948,-0.020434,0.064269,0.031098,0.037232,0.032489,0.0038228,0.10119,0.066737,0.047428,0.044489,0.04155,0.040274,0.028336,0.025274,0.02909,0.028824,0.028299,0.029931,0.023357,0.023168,0.027861,0.027804,0.027119,0.099161,0.04262,0.015475,0.023388,0.025979,0.026845,0.040557,0.098962,0.046029,0.032554,0.033721,0.033076,-0.34831,0.026437,0.060066,0.025383,0.033793,0.030048,0.085763,0.1103,0.044362,0.029477,0.030796,0.02997}, 
{0.024953,0.014711,0.024351,0.024697,0.025317,0.025405,0.018207,-0.0068159,0.018041,0.029498,0.026328,0.02668,0.0066945,-0.010877,0.0091499,0.022375,0.02776,0.027146,-0.081295,-0.28624,-0.07794,0.0085774,0.013848,0.019181,-0.28968,2.324,-0.28426,-0.024937,-0.022399,-0.0013785,-0.076243,-0.2823,-0.078906,0.0066065,0.015532,0.02256,0.040317,0.036879,0.036333,0.030956,0.031558,0.030652,0.039256,0.027762,0.03504,0.033132,0.030284,0.03085,0.060595,0.073542,0.055494,0.031321,0.03281,0.032222,0.08531,-0.042662,0.072031,0.058985,0.040475,0.039571,-0.020696,-0.44813,-0.038495,0.068649,0.029256,0.037104,0.10855,-0.01473,0.086546,0.063532,0.04391,0.044214,0.028098,0.03152,0.030431,0.026321,0.029702,0.029222,0.022801,0.021119,0.026111,0.025388,0.02701,0.027337,0.043029,0.071744,0.044924,0.017145,0.023653,0.025027,0.098773,0.0090338,0.089066,0.04831,0.031851,0.033236,0.026181,-0.33928,0.010392,0.066415,0.024622,0.033419,0.11207,0.030832,0.096682,0.043803,0.026105,0.029377}, 
{0.026549,0.024471,0.016294,0.024923,0.025764,0.026186,0.028891,0.018178,-0.0059547,0.017577,0.028856,0.027577,0.023019,0.0095491,-0.0071519,0.010869,0.022599,0.028056,0.0032053,-0.078885,-0.27726,-0.077867,0.0081467,0.013293,-0.036063,-0.28426,2.3413,-0.28485,-0.024987,-0.02314,0.0028605,-0.074989,-0.27029,-0.075986,0.0067664,0.017506,0.032516,0.036151,0.036237,0.036051,0.030376,0.032157,0.033524,0.035481,0.026507,0.034244,0.032549,0.032459,0.034907,0.05504,0.072516,0.054713,0.031806,0.034084,0.058903,0.071183,-0.041798,0.069273,0.059062,0.042431,0.063745,-0.038825,-0.443,-0.042966,0.068263,0.030952,0.064476,0.088485,-0.0162,0.085231,0.062965,0.047962,0.025271,0.029133,0.032214,0.031256,0.025419,0.028254,0.02248,0.026377,0.021585,0.02627,0.024684,0.026791,0.016695,0.045148,0.072281,0.045023,0.017706,0.023702,0.044991,0.089067,0.0092332,0.087067,0.049455,0.032709,0.059797,0.010214,-0.33547,0.0070472,0.067196,0.024557,0.038642,0.097543,0.03139,0.096502,0.042076,0.027763}, 
{0.025975,0.02601,0.024906,0.015718,0.025241,0.026985,0.02627,0.029287,0.018188,-0.0057224,0.017605,0.029272,0.027732,0.022515,0.010375,-0.0060474,0.0098014,0.021931,0.013085,0.008519,-0.076702,-0.27524,-0.079799,0.0033432,-0.02282,-0.024937,-0.28485,2.342,-0.28532,-0.036259,0.01644,0.0065585,-0.077353,-0.27101,-0.07368,0.0036795,0.031069,0.030727,0.035804,0.035021,0.03671,0.031578,0.032144,0.033351,0.03486,0.026613,0.035323,0.034123,0.035639,0.031978,0.05398,0.071711,0.054968,0.033803,0.043055,0.059044,0.069059,-0.041816,0.06979,0.059707,0.031864,0.068553,-0.043854,-0.44301,-0.04027,0.064259,0.047811,0.063338,0.085076,-0.015418,0.088711,0.063933,0.028301,0.026012,0.030681,0.03236,0.031417,0.024304,0.026631,0.025041,0.026388,0.021839,0.026343,0.022419,0.02383,0.016578,0.044194,0.073161,0.045896,0.015504,0.031709,0.047718,0.086895,0.010846,0.087935,0.046664,0.025747,0.067241,0.0060777,-0.33528,0.0098044,0.060527,0.028332,0.043142,0.095044,0.030428,0.098653,0.038937}, 
{0.026375,0.025982,0.026152,0.023934,0.014423,0.025713,0.026622,0.026168,0.029256,0.018021,-0.0076169,0.018111,0.0266,0.028314,0.023051,0.0099088,-0.010285,0.0064988,0.019294,0.0133,0.0095486,-0.075781,-0.28773,-0.083049,-0.0014433,-0.022399,-0.024987,-0.28532,2.3235,-0.29034,0.021937,0.014758,0.0048064,-0.079861,-0.28269,-0.074433,0.030482,0.030854,0.031207,0.035699,0.036476,0.038879,0.03093,0.030851,0.033352,0.034989,0.026977,0.038587,0.032056,0.032822,0.032089,0.055346,0.073441,0.059971,0.04164,0.04001,0.059445,0.073,-0.043459,0.08493,0.038523,0.029275,0.068454,-0.040129,-0.44664,-0.019435,0.044164,0.04371,0.064201,0.086498,-0.014849,0.11078,0.028508,0.028482,0.026222,0.030504,0.032546,0.028484,0.02774,0.026716,0.024794,0.026301,0.020756,0.024506,0.024474,0.023331,0.016978,0.044358,0.071977,0.044565,0.034165,0.030484,0.048052,0.089239,0.0083753,0.099104,0.034257,0.024656,0.066761,0.0090758,-0.33867,0.026302,0.029681,0.025842,0.04415,0.096695,0.02967,0.1117}, 
{0.024907,0.024733,0.023436,0.023969,0.02227,-0.0033148,0.02662,0.026766,0.026947,0.029008,0.017635,-0.032993,0.027567,0.026049,0.028517,0.023183,0.0082551,-0.046458,0.019365,0.019712,0.014141,0.0051942,-0.077165,-0.36962,-0.00054652,-0.0013785,-0.02314,-0.036259,-0.29034,2.1641,0.017409,0.018012,0.010196,-0.0044525,-0.097491,-0.37848,0.030673,0.03145,0.031679,0.032503,0.039221,0.043985,0.030885,0.031144,0.031908,0.033997,0.038188,0.034242,0.032064,0.030583,0.034219,0.033573,0.06029,0.091897,0.037203,0.040319,0.041729,0.058457,0.087114,-0.03681,0.032735,0.037612,0.031325,0.064279,-0.019747,-0.49353,0.041688,0.044534,0.047596,0.067357,0.10305,0.0033295,0.02881,0.028903,0.028824,0.026444,0.029721,0.040503,0.027499,0.027542,0.026725,0.0232,0.023277,0.029177,0.026955,0.025066,0.024635,0.015648,0.04273,0.099013,0.032782,0.034603,0.031978,0.044024,0.099087,0.04012,0.029632,0.033635,0.025168,0.059191,0.025836,-0.34845,0.030408,0.031122,0.030295,0.046187,0.1115,0.08334}, 
{-0.0038782,0.022205,0.023614,0.024433,0.024288,0.022856,-0.0033148,0.024866,0.025662,0.025103,0.026077,0.024569,-0.035392,0.02249,0.030528,0.027414,0.027246,0.025332,-0.067355,0.0059127,0.025912,0.029304,0.028463,0.025572,-0.37622,-0.076243,0.0028605,0.01644,0.021937,0.017409,1.9174,-0.39159,-0.0926,-0.05855,-0.027706,-0.028968,0.03526,0.035937,0.031359,0.031466,0.030283,0.029379,0.044319,0.039221,0.031903,0.031029,0.031099,0.031118,0.038926,0.042709,0.034282,0.031662,0.031407,0.031958,0.084689,0.058317,0.035194,0.034435,0.032993,0.03301,3.6639e-05,0.10751,0.063806,0.04694,0.044156,0.041605,-0.57207,0.0027451,0.086097,0.045648,0.049579,0.041919,0.033528,0.02933,0.028222,0.02888,0.02867,0.029134,0.039516,0.028583,0.026261,0.027849,0.028952,0.029044,0.034323,0.025534,0.022417,0.025945,0.027897,0.027901,0.092569,0.035156,0.01226,0.021262,0.023892,0.02448,0.082849,0.11151,0.039656,0.028786,0.030263,0.030108,-0.35732,0.084669,0.093882,0.043037,0.046234,0.041037}, 
{0.021761,0.013909,0.023131,0.025316,0.025017,0.02456,0.021764,0.014782,0.024507,0.026316,0.025679,0.023936,0.015675,-0.0072611,0.019383,0.029594,0.027865,0.026087,-7.6251e-05,-0.017151,0.0077039,0.024421,0.02919,0.02512,-0.096534,-0.2823,-0.074989,0.0065585,0.014758,0.018012,-0.39159,2.1551,-0.37155,-0.068438,-0.054333,-0.027617,0.03705,0.031442,0.033217,0.030367,0.030894,0.031062,0.03926,0.037297,0.036168,0.030087,0.03103,0.029839,0.041637,0.028868,0.037408,0.033321,0.03197,0.031024,0.062126,0.067924,0.053904,0.033529,0.033572,0.031937,0.099119,-0.018145,0.087276,0.063046,0.04425,0.045038,0.0012378,-0.49311,-0.028016,0.091306,0.042719,0.051615,0.029253,0.028505,0.029766,0.027541,0.028921,0.028226,0.029312,0.033167,0.03075,0.026012,0.029385,0.028921,0.025919,0.022028,0.027429,0.02402,0.027382,0.028608,0.042055,0.062948,0.039788,0.015245,0.021326,0.023519,0.11124,0.028848,0.096634,0.043619,0.026168,0.030984,0.084992,-0.34633,0.045089,0.097308,0.037713,0.046419}, 
{0.025448,0.022371,0.015006,0.024913,0.026583,0.024679,0.024071,0.022801,0.016938,0.024898,0.02587,0.023967,0.028071,0.017963,-0.0048823,0.019749,0.029739,0.026323,0.020554,0.0068887,-0.013134,0.0082398,0.023296,0.027812,-0.0036384,-0.078906,-0.27029,-0.077353,0.0048064,0.010196,-0.0926,-0.37155,2.184,-0.37318,-0.068573,-0.060862,0.031719,0.032783,0.029787,0.032742,0.031013,0.032006,0.031364,0.035708,0.036113,0.034903,0.03042,0.031699,0.035686,0.037487,0.028028,0.036757,0.033667,0.032761,0.036606,0.054396,0.067038,0.053364,0.033162,0.035719,0.067368,0.085734,-0.018589,0.083585,0.064036,0.047698,0.08637,-0.028377,-0.48757,-0.033736,0.092632,0.045925,0.028327,0.029995,0.029028,0.029824,0.026631,0.028835,0.026381,0.031155,0.034628,0.03127,0.025606,0.028829,0.023383,0.027287,0.022793,0.027832,0.023982,0.026414,0.013401,0.039858,0.063891,0.040385,0.014574,0.021452,0.044747,0.096404,0.029116,0.095736,0.045558,0.030457,0.092921,0.045351,-0.34497,0.04003,0.098603,0.042384}, 
{0.025612,0.024679,0.024197,0.01693,0.024422,0.024232,0.023813,0.024952,0.023964,0.01632,0.024142,0.024507,0.024722,0.02879,0.019666,-0.0034002,0.018125,0.026374,0.027717,0.02444,0.0084222,-0.012971,0.0084501,0.020585,0.011101,0.0066065,-0.075986,-0.27101,-0.079861,-0.0044525,-0.05855,-0.068438,-0.37318,2.1825,-0.37263,-0.092952,0.030617,0.030043,0.033294,0.030341,0.033377,0.031643,0.030948,0.030477,0.035107,0.035709,0.036605,0.032824,0.031866,0.033743,0.035929,0.028626,0.036775,0.034824,0.036926,0.03465,0.052094,0.065526,0.054842,0.036464,0.047314,0.063972,0.083869,-0.018652,0.084086,0.066435,0.046582,0.091697,-0.033098,-0.4869,-0.028952,0.086969,0.029112,0.028062,0.030404,0.027963,0.029578,0.027292,0.02984,0.027108,0.031552,0.032769,0.030386,0.025766,0.026406,0.024407,0.027923,0.023484,0.027057,0.022478,0.022346,0.015077,0.039839,0.063546,0.04121,0.014243,0.028096,0.043907,0.096177,0.029886,0.096311,0.046065,0.04123,0.09696,0.040703,-0.34352,0.045601,0.094586}, 
{0.025519,0.025239,0.026128,0.023655,0.013634,0.022789,0.025075,0.025301,0.026212,0.023647,0.014294,0.022337,0.025125,0.026242,0.02986,0.019857,-0.0069914,0.015313,0.025633,0.029095,0.024193,0.008374,-0.016858,-0.00058041,0.01856,0.015532,0.0067664,-0.07368,-0.28269,-0.097491,-0.027706,-0.054333,-0.068573,-0.37263,2.1524,-0.39203,0.03067,0.030282,0.030643,0.033071,0.030636,0.036674,0.030871,0.030231,0.030153,0.035112,0.036962,0.040175,0.031799,0.031087,0.033638,0.036425,0.02892,0.041969,0.033051,0.034448,0.033399,0.052735,0.067808,0.06223,0.044032,0.044443,0.063399,0.087567,-0.018246,0.10194,0.050541,0.043342,0.092538,-0.028154,-0.49447,0.0030168,0.028393,0.028913,0.027854,0.030085,0.027607,0.028746,0.029033,0.028727,0.026107,0.03063,0.032999,0.029823,0.028113,0.02664,0.025257,0.027682,0.022019,0.026217,0.023915,0.022079,0.015273,0.039306,0.062473,0.041719,0.030464,0.026251,0.043422,0.098398,0.028866,0.10961,0.045389,0.03724,0.09838,0.046726,-0.34618,0.084}, 
{0.02295,0.024707,0.024695,0.023197,0.020723,-0.004842,0.025562,0.026207,0.026321,0.026035,0.0248,-0.0030681,0.025321,0.027807,0.028273,0.030383,0.021165,-0.034216,0.02509,0.026826,0.030229,0.025015,0.0058105,-0.064749,0.018833,0.02256,0.017506,0.0036795,-0.074433,-0.37848,-0.028968,-0.027617,-0.060862,-0.092952,-0.39203,1.9112,0.029042,0.03009,0.031387,0.031219,0.035511,0.035188,0.030573,0.030021,0.031481,0.031439,0.038719,0.044287,0.031053,0.031275,0.031892,0.033876,0.041878,0.03885,0.032479,0.031517,0.034657,0.034075,0.058383,0.085549,0.042368,0.044086,0.047469,0.064423,0.10999,0.00080412,0.042499,0.05089,0.045402,0.087394,0.0041631,-0.56957,0.028752,0.029742,0.029937,0.027651,0.03059,0.034472,0.028855,0.028668,0.028759,0.024894,0.029039,0.040677,0.028872,0.02871,0.02693,0.021961,0.025057,0.03335,0.025999,0.02313,0.021143,0.010944,0.034624,0.090979,0.031008,0.029093,0.02705,0.038357,0.11183,0.08139,0.040177,0.046312,0.041965,0.09408,0.085178,-0.35493}, 
{-0.56282,-0.0016986,0.085388,0.045705,0.050669,0.042998,-0.0021491,0.1069,0.06379,0.047324,0.045536,0.042737,0.084727,0.058589,0.034531,0.034399,0.032357,0.032808,0.040347,0.042618,0.034438,0.031963,0.030711,0.031244,0.044571,0.040317,0.032516,0.031069,0.030482,0.030673,0.03526,0.03705,0.031719,0.030617,0.03067,0.029042,2.1313,-0.30584,-0.077604,-0.061583,-0.031615,-0.030874,-0.29902,-0.068574,-0.018955,-0.0031,0.00717,0.0053271,-0.062111,-0.018342,0.0004954,0.014327,0.017304,0.015995,-0.043029,0.0029396,0.016212,0.020621,0.022526,0.021396,-0.012074,0.012486,0.018532,0.021928,0.022845,0.022419,-0.0088511,0.013121,0.01844,0.021863,0.022592,0.020018,-0.56373,-0.0062665,0.083052,0.04562,0.051224,0.042953,-0.0044019,0.10629,0.065172,0.047768,0.045464,0.042598,0.082464,0.059299,0.037301,0.036703,0.033571,0.034159,0.039977,0.042791,0.035815,0.034038,0.03263,0.032866,0.046029,0.040393,0.032716,0.032206,0.031482,0.031927,0.038999,0.038278,0.032375,0.032177,0.032101,0.030812}, 
{0.00036939,-0.4872,-0.030562,0.090068,0.042743,0.050416,0.10096,-0.019569,0.087972,0.06327,0.044046,0.045436,0.062945,0.067974,0.054164,0.033533,0.034531,0.033229,0.042839,0.029972,0.037396,0.033961,0.03121,0.031807,0.039473,0.036879,0.036151,0.030727,0.030854,0.03145,0.035937,0.031442,0.032783,0.030043,0.030282,0.03009,-0.30584,2.299,-0.29656,-0.055715,-0.055721,-0.030472,-0.085682,-0.24232,-0.063212,-0.011118,-0.0034591,0.0042521,-0.022562,-0.026268,-0.0072553,0.003802,0.01488,0.014335,-0.0026161,-0.016194,0.0083355,0.018648,0.019535,0.01992,0.0093313,0.008566,0.018235,0.020377,0.021555,0.022002,0.013331,0.010309,0.018511,0.021711,0.022656,0.02205,-0.0047546,-0.48472,-0.032783,0.087231,0.042391,0.050686,0.099328,-0.019597,0.086827,0.063395,0.045188,0.046138,0.064022,0.067368,0.054414,0.035109,0.036556,0.034161,0.044448,0.029554,0.037572,0.035191,0.032703,0.032804,0.040909,0.037125,0.037478,0.032387,0.032143,0.032736,0.038862,0.033217,0.03435,0.031754,0.032063,0.032089}, 
