/*******************************************************************************
* The MASH Framework contains the source code of all the servers in the
* "computation farm" of the MASH project (http://www.mash-project.eu),
* developed at the Idiap Research Institute (http://www.idiap.ch).
*
* Copyright (c) 2016 Idiap Research Institute, http://www.idiap.ch/
* Written by Leonidas Lefakis (leonidas.lefakis@idiap.ch)
*
* This file is part of the MASH Framework.
*
* The MASH Framework is free software: you can redistribute it and/or modify
* it under the terms of either the GNU General Public License version 2 or
* the GNU General Public License version 3 as published by the Free
* Software Foundation, whichever suits the most your needs.
*
* The MASH Framework is distributed in the hope that it will be useful,
* but WITHOUT ANY WARRANTY; without even the implied warranty of
* MERCHANTABILITY or FITNESS FOR A PARTICULAR PURPOSE. See the
* GNU General Public License for more details.
*
* You should have received a copy of the GNU General Public Licenses
* along with the MASH Framework. If not, see <http://www.gnu.org/licenses/>.
*******************************************************************************/


/** Author: Leonidas Lefakis (leonidas.lefakis@idiap.ch)
 *
 * TODO: Write a description of your heuristic
 */

#include <mash/heuristic.h>
#include <cmath>
#include <stdio.h>
#include <stdlib.h>

using namespace Mash;


//------------------------------------------------------------------------------
// Declaration of the heuristic class
//------------------------------------------------------------------------------
class corner_catches256: public Heuristic {
    
public:
    
    
    virtual unsigned int dim();
    
    virtual void prepareForCoordinates();
    
    virtual scalar_t computeFeature(unsigned int feature_index);
    
    
    //_____ Attributes __________
protected:
    float fhn;
    float fist_[1024];
    static const float Dict_[256][108];
    static const float P_[108][108];
    static const float M_[108];
    
};


//------------------------------------------------------------------------------
// Creation function of the heuristic
//------------------------------------------------------------------------------


const float corner_catches256::P_[108][108] = {
    {1.920528, -0.395742, -0.093831, -0.061033, -0.029700, -0.031478, -0.382015, -0.075543, 0.003584, 0.018294, 0.022567, 0.017515, -0.067439, 0.005292, 0.024779, 0.029310, 0.027310, 0.024633, -0.034632, 0.021422, 0.030422, 0.027199, 0.026713, 0.025984, -0.003088, 0.024915, 0.026060, 0.024981, 0.025660, 0.025511, -0.004250, 0.022165, 0.024996, 0.025358, 0.025145, 0.023537, -0.563762, 0.001450, 0.087048, 0.046552, 0.051619, 0.043297, 0.002466, 0.111229, 0.064655, 0.047172, 0.043589, 0.041604, 0.087779, 0.058576, 0.033699, 0.034128, 0.032490, 0.031905, 0.039839, 0.041765, 0.034235, 0.032401, 0.032273, 0.030441, 0.045599, 0.039555, 0.031353, 0.029934, 0.031237, 0.030035, 0.035234, 0.035244, 0.030350, 0.028923, 0.029376, 0.027973, -0.352878, 0.082493, 0.094303, 0.042918, 0.047799, 0.042769, 0.082158, 0.113951, 0.039664, 0.028105, 0.029765, 0.031211, 0.091703, 0.035053, 0.011718, 0.021743, 0.023769, 0.025029, 0.032551, 0.024755, 0.023283, 0.027931, 0.028543, 0.027770, 0.039707, 0.028155, 0.025378, 0.028653, 0.030013, 0.028600, 0.032386, 0.027629, 0.025912, 0.027655, 0.028945, 0.026747},
    {-0.395742, 2.161714, -0.375898, -0.070389, -0.054950, -0.029318, -0.097964, -0.284998, -0.075014, 0.008375, 0.015684, 0.016641, -0.000389, -0.018595, 0.008472, 0.024185, 0.029566, 0.024274, 0.015969, -0.007597, 0.020242, 0.028669, 0.027080, 0.025357, 0.021777, 0.015085, 0.024496, 0.025407, 0.025365, 0.024465, 0.021835, 0.014821, 0.023004, 0.025934, 0.025481, 0.024987, -0.000962, -0.488338, -0.030343, 0.091259, 0.043393, 0.051997, 0.100851, -0.016849, 0.089430, 0.064294, 0.043937, 0.044646, 0.062586, 0.068455, 0.054042, 0.033076, 0.033955, 0.032181, 0.042972, 0.029377, 0.037873, 0.033382, 0.032049, 0.031907, 0.039204, 0.036927, 0.035989, 0.030296, 0.030907, 0.030667, 0.035030, 0.030754, 0.032388, 0.029966, 0.030008, 0.029516, 0.082801, -0.342098, 0.044634, 0.097786, 0.038227, 0.048667, 0.111468, 0.029973, 0.099956, 0.044460, 0.025998, 0.031517, 0.042364, 0.062775, 0.039069, 0.014217, 0.021990, 0.023147, 0.027005, 0.021171, 0.027277, 0.024146, 0.027876, 0.027589, 0.029444, 0.032174, 0.031137, 0.026636, 0.029515, 0.027938, 0.028334, 0.027935, 0.029439, 0.027392, 0.028311, 0.027156},
    {-0.093831, -0.375898, 2.187943, -0.373919, -0.070475, -0.061261, -0.004500, -0.081223, -0.274856, -0.076811, 0.006126, 0.011035, 0.020135, 0.007949, -0.014999, 0.007639, 0.023853, 0.028055, 0.025734, 0.019211, -0.004910, 0.019485, 0.028680, 0.025028, 0.023752, 0.024393, 0.016072, 0.025883, 0.025621, 0.023415, 0.023975, 0.023911, 0.016096, 0.024333, 0.026305, 0.024307, 0.086251, -0.031023, -0.482954, -0.034776, 0.091596, 0.047332, 0.067312, 0.085884, -0.018462, 0.086430, 0.063948, 0.047888, 0.036243, 0.055429, 0.067599, 0.054011, 0.033199, 0.036353, 0.034571, 0.037908, 0.029046, 0.037188, 0.033890, 0.032925, 0.032816, 0.036847, 0.036484, 0.036749, 0.031016, 0.030832, 0.030775, 0.033059, 0.029545, 0.032348, 0.031376, 0.030335, 0.095609, 0.044860, -0.340436, 0.039755, 0.099466, 0.043770, 0.046987, 0.098158, 0.029920, 0.097636, 0.044412, 0.028714, 0.014035, 0.040715, 0.064358, 0.040427, 0.014392, 0.021396, 0.022282, 0.027670, 0.023240, 0.027926, 0.024990, 0.026776, 0.026329, 0.031175, 0.032547, 0.030214, 0.025943, 0.027795, 0.025932, 0.028536, 0.027601, 0.028515, 0.027281, 0.027126},
    {-0.061033, -0.070389, -0.373919, 2.187363, -0.376000, -0.092392, 0.010556, 0.005717, -0.077515, -0.275170, -0.079546, -0.003636, 0.028183, 0.024051, 0.008216, -0.015315, 0.006448, 0.020282, 0.025002, 0.029859, 0.018677, -0.004457, 0.018030, 0.026653, 0.023627, 0.026537, 0.024511, 0.017145, 0.023269, 0.022999, 0.024205, 0.025713, 0.024555, 0.017080, 0.023442, 0.024504, 0.045539, 0.090632, -0.035048, -0.482554, -0.029421, 0.086835, 0.046975, 0.063556, 0.085504, -0.017817, 0.087590, 0.067281, 0.035711, 0.033141, 0.054723, 0.067352, 0.055190, 0.036586, 0.031931, 0.033746, 0.036713, 0.029473, 0.039213, 0.036043, 0.031174, 0.031289, 0.035770, 0.036291, 0.037097, 0.031847, 0.029673, 0.029614, 0.032034, 0.029555, 0.033242, 0.031740, 0.043597, 0.099487, 0.040299, -0.339801, 0.044965, 0.094100, 0.030625, 0.045353, 0.097109, 0.029464, 0.098617, 0.044834, 0.022390, 0.014390, 0.040837, 0.062921, 0.039861, 0.013049, 0.026311, 0.024988, 0.027496, 0.022701, 0.027921, 0.023219, 0.028596, 0.027761, 0.030909, 0.032178, 0.030555, 0.024968, 0.027940, 0.027215, 0.029286, 0.027364, 0.029290, 0.026010},
    {-0.029700, -0.054950, -0.070475, -0.376000, 2.160403, -0.392811, 0.017556, 0.015075, 0.006657, -0.074643, -0.285342, -0.097085, 0.025447, 0.029377, 0.024952, 0.008562, -0.018831, -0.001697, 0.024957, 0.027151, 0.030325, 0.019980, -0.007771, 0.015012, 0.024671, 0.024842, 0.026396, 0.024654, 0.014851, 0.022497, 0.024187, 0.024672, 0.025124, 0.022896, 0.013721, 0.021244, 0.050869, 0.043699, 0.091771, -0.029789, -0.488433, -0.001127, 0.044841, 0.044193, 0.062908, 0.089467, -0.017415, 0.100687, 0.033334, 0.033343, 0.032201, 0.054484, 0.069393, 0.061974, 0.031233, 0.031046, 0.032911, 0.037588, 0.029932, 0.042313, 0.030998, 0.030401, 0.030584, 0.036244, 0.037701, 0.040400, 0.029928, 0.030050, 0.030451, 0.033136, 0.031025, 0.036073, 0.047190, 0.040123, 0.099491, 0.044351, -0.342589, 0.082122, 0.031818, 0.027098, 0.044287, 0.099746, 0.029472, 0.112835, 0.023434, 0.020813, 0.014449, 0.040175, 0.063910, 0.042303, 0.027793, 0.026694, 0.024122, 0.027644, 0.021756, 0.025521, 0.029006, 0.028484, 0.025355, 0.030353, 0.032171, 0.028685, 0.028429, 0.028841, 0.027384, 0.029137, 0.028089, 0.027466},
    {-0.031478, -0.029318, -0.061261, -0.092392, -0.392811, 1.924835, 0.016915, 0.021326, 0.017657, 0.002944, -0.076378, -0.381424, 0.024608, 0.026913, 0.030713, 0.024404, 0.003396, -0.067860, 0.025555, 0.025977, 0.028344, 0.030238, 0.020410, -0.037220, 0.025431, 0.025279, 0.026256, 0.027048, 0.025219, -0.002889, 0.022068, 0.024462, 0.024213, 0.024618, 0.022484, -0.004774, 0.042648, 0.051934, 0.046949, 0.086642, -0.000055, -0.566251, 0.041900, 0.044705, 0.047611, 0.063762, 0.109995, 0.000485, 0.032775, 0.031685, 0.033291, 0.033567, 0.058968, 0.087829, 0.031595, 0.031258, 0.032009, 0.034483, 0.042297, 0.040805, 0.030653, 0.030640, 0.031300, 0.031580, 0.038695, 0.046695, 0.027452, 0.029669, 0.029780, 0.031094, 0.035528, 0.034967, 0.042012, 0.047513, 0.042889, 0.093667, 0.081975, -0.352335, 0.031299, 0.030240, 0.028563, 0.039879, 0.113599, 0.082160, 0.026065, 0.023632, 0.021096, 0.012289, 0.036169, 0.093107, 0.028919, 0.028264, 0.026464, 0.022813, 0.025217, 0.033711, 0.029484, 0.029025, 0.028016, 0.024805, 0.027298, 0.039632, 0.027889, 0.029452, 0.028120, 0.026627, 0.028227, 0.032052},
    {-0.382015, -0.097964, -0.004500, 0.010556, 0.017556, 0.016915, 2.168373, -0.291030, -0.036725, -0.023564, -0.002021, -0.000853, -0.371391, -0.077181, 0.005013, 0.014436, 0.019858, 0.018528, -0.048537, 0.007035, 0.023402, 0.028280, 0.026113, 0.026531, -0.033571, 0.017502, 0.029141, 0.026774, 0.026031, 0.027359, -0.002883, 0.021490, 0.023509, 0.025378, 0.025456, 0.025485, -0.001712, 0.100972, 0.066035, 0.047295, 0.044972, 0.041184, -0.489418, -0.019188, 0.064067, 0.030569, 0.037533, 0.032986, -0.034284, 0.089775, 0.058609, 0.041461, 0.040560, 0.037555, 0.093198, 0.059970, 0.033764, 0.033633, 0.030976, 0.031929, 0.036749, 0.039952, 0.034335, 0.032003, 0.030812, 0.031390, 0.044700, 0.038843, 0.030670, 0.031796, 0.030530, 0.029676, 0.081523, 0.112197, 0.046182, 0.031362, 0.032713, 0.031462, -0.345096, 0.026109, 0.059343, 0.025401, 0.033959, 0.030652, 0.041197, 0.101064, 0.044889, 0.031777, 0.034235, 0.032828, 0.098836, 0.042547, 0.016704, 0.023776, 0.024886, 0.026389, 0.029387, 0.023753, 0.023605, 0.027060, 0.027578, 0.028308, 0.039304, 0.028354, 0.023666, 0.028058, 0.027910, 0.027979},
    {-0.075543, -0.284998, -0.081223, 0.005717, 0.015075, 0.021326, -0.291030, 2.327355, -0.284362, -0.025675, -0.021766, -0.002036, -0.084370, -0.287016, -0.075171, 0.008929, 0.013043, 0.019397, 0.004813, -0.011350, 0.010800, 0.023123, 0.028257, 0.027025, 0.018150, -0.007667, 0.019050, 0.028948, 0.026389, 0.026254, 0.025656, 0.015661, 0.024579, 0.025295, 0.024934, 0.024581, 0.107625, -0.018763, 0.085439, 0.063930, 0.043612, 0.043821, -0.020136, -0.444874, -0.038713, 0.068511, 0.030225, 0.037989, 0.086747, -0.040862, 0.073763, 0.058873, 0.039503, 0.040752, 0.060878, 0.073141, 0.054976, 0.031830, 0.032497, 0.032133, 0.039375, 0.026791, 0.035540, 0.032990, 0.030594, 0.030839, 0.039783, 0.036857, 0.036215, 0.030668, 0.030860, 0.029906, 0.113453, 0.028879, 0.097140, 0.045866, 0.026839, 0.029872, 0.025727, -0.337704, 0.009158, 0.066350, 0.024951, 0.034123, 0.099987, 0.010097, 0.089776, 0.047767, 0.030199, 0.033975, 0.044314, 0.072043, 0.044560, 0.017519, 0.023840, 0.024858, 0.022842, 0.020418, 0.026321, 0.024764, 0.027229, 0.028059, 0.027500, 0.032432, 0.030117, 0.025845, 0.028996, 0.028704},
    {0.003584, -0.075014, -0.274856, -0.077515, 0.006657, 0.017657, -0.036725, -0.284362, 2.345850, -0.285340, -0.026353, -0.022724, 0.004022, -0.078041, -0.277703, -0.077563, 0.007975, 0.013854, 0.021763, 0.010319, -0.008476, 0.010948, 0.023026, 0.027346, 0.030107, 0.018226, -0.006274, 0.018420, 0.029082, 0.026365, 0.025451, 0.025281, 0.016738, 0.024097, 0.025584, 0.025578, 0.063334, 0.087098, -0.020718, 0.084721, 0.062555, 0.047943, 0.063316, -0.040017, -0.438491, -0.041624, 0.067507, 0.030821, 0.058602, 0.071065, -0.040218, 0.070629, 0.058716, 0.042842, 0.032450, 0.056211, 0.072450, 0.054974, 0.031847, 0.034841, 0.034418, 0.036104, 0.027138, 0.035428, 0.032702, 0.032955, 0.030649, 0.035701, 0.035850, 0.035015, 0.029642, 0.031816, 0.041020, 0.098155, 0.027749, 0.097691, 0.044443, 0.028501, 0.059980, 0.008312, -0.332657, 0.008361, 0.066739, 0.024440, 0.047134, 0.088781, 0.010459, 0.088079, 0.048159, 0.032428, 0.015857, 0.046125, 0.072222, 0.044758, 0.016662, 0.023522, 0.023353, 0.026206, 0.021123, 0.026374, 0.023942, 0.026792, 0.024375, 0.030283, 0.032851, 0.030725, 0.025399, 0.028678},
    {0.018294, 0.008375, -0.076811, -0.275170, -0.074643, 0.002944, -0.023564, -0.025675, -0.285340, 2.344470, -0.284603, -0.035158, 0.013843, 0.008833, -0.078940, -0.277446, -0.078947, 0.004044, 0.029204, 0.023541, 0.010365, -0.007539, 0.009257, 0.022093, 0.026792, 0.029573, 0.018104, -0.005578, 0.017637, 0.027881, 0.024504, 0.025268, 0.024194, 0.016905, 0.024266, 0.025419, 0.047010, 0.062913, 0.084240, -0.020884, 0.088078, 0.063242, 0.029942, 0.067427, -0.041942, -0.438359, -0.039586, 0.063694, 0.040767, 0.058137, 0.069916, -0.039444, 0.071926, 0.059478, 0.033633, 0.031221, 0.055423, 0.072121, 0.055849, 0.035054, 0.031175, 0.032985, 0.035825, 0.026755, 0.035928, 0.034581, 0.031406, 0.030501, 0.035815, 0.036020, 0.035926, 0.031788, 0.028777, 0.044865, 0.097187, 0.027263, 0.098351, 0.040169, 0.025359, 0.066291, 0.007474, -0.332103, 0.008822, 0.058795, 0.032851, 0.048200, 0.087452, 0.011638, 0.089450, 0.046391, 0.024243, 0.017048, 0.045315, 0.071078, 0.045062, 0.016757, 0.026204, 0.024733, 0.027044, 0.020930, 0.026293, 0.023143, 0.028476, 0.026048, 0.030848, 0.032088, 0.030125, 0.024658},
    {0.022567, 0.015684, 0.006126, -0.079546, -0.285342, -0.076378, -0.002021, -0.021766, -0.026353, -0.284603, 2.328537, -0.289851, 0.018937, 0.013473, 0.007600, -0.077097, -0.286727, -0.082759, 0.026335, 0.028501, 0.023020, 0.009693, -0.010915, 0.005843, 0.026663, 0.026923, 0.029968, 0.017560, -0.007815, 0.016854, 0.025472, 0.024946, 0.025774, 0.024334, 0.014172, 0.024243, 0.044973, 0.044178, 0.063534, 0.085033, -0.020953, 0.107116, 0.037699, 0.029894, 0.068000, -0.039420, -0.443625, -0.019997, 0.040070, 0.039985, 0.059025, 0.073637, -0.040064, 0.085888, 0.030597, 0.032552, 0.031648, 0.055250, 0.074164, 0.060217, 0.030604, 0.030634, 0.032994, 0.035618, 0.028144, 0.039504, 0.031691, 0.031047, 0.030747, 0.036851, 0.036448, 0.039212, 0.030695, 0.026222, 0.045650, 0.098436, 0.026990, 0.113989, 0.033255, 0.024022, 0.066702, 0.009252, -0.337628, 0.026250, 0.034164, 0.031528, 0.049316, 0.090540, 0.009781, 0.099218, 0.024188, 0.023280, 0.017225, 0.044721, 0.071701, 0.043552, 0.027284, 0.026376, 0.024542, 0.026353, 0.021306, 0.025083, 0.029064, 0.028377, 0.025255, 0.030419, 0.031747, 0.028476},
    {0.017515, 0.016641, 0.011035, -0.003636, -0.097085, -0.381424, -0.000853, -0.002036, -0.022724, -0.035158, -0.289851, 2.167171, 0.019453, 0.018894, 0.014386, 0.004913, -0.078181, -0.370791, 0.026677, 0.025161, 0.028779, 0.022365, 0.006102, -0.049329, 0.026229, 0.025924, 0.026693, 0.029659, 0.018368, -0.033984, 0.024708, 0.024398, 0.023953, 0.023673, 0.022357, -0.002804, 0.041729, 0.044806, 0.048422, 0.067653, 0.101300, -0.003067, 0.033196, 0.037992, 0.031131, 0.064046, -0.019703, -0.490545, 0.037388, 0.040341, 0.041986, 0.058192, 0.088053, -0.033367, 0.032203, 0.031199, 0.034579, 0.033080, 0.059600, 0.093838, 0.031212, 0.031227, 0.031590, 0.033992, 0.039512, 0.036950, 0.030477, 0.030941, 0.031401, 0.030903, 0.038587, 0.045312, 0.032014, 0.031946, 0.030414, 0.045840, 0.112557, 0.080825, 0.030135, 0.033422, 0.024638, 0.058635, 0.026277, -0.345279, 0.032408, 0.033961, 0.032252, 0.044896, 0.099967, 0.041709, 0.025983, 0.024421, 0.024813, 0.015932, 0.042235, 0.099997, 0.028161, 0.027956, 0.026532, 0.023448, 0.024555, 0.030781, 0.028443, 0.028839, 0.027968, 0.024514, 0.028645, 0.039091},
    {-0.067439, -0.000389, 0.020135, 0.028183, 0.025447, 0.024608, -0.371391, -0.084370, 0.004022, 0.013843, 0.018937, 0.019453, 2.198661, -0.279369, -0.032528, -0.019488, 0.000704, 0.002557, -0.369446, -0.080382, 0.003797, 0.013331, 0.018733, 0.019586, -0.048194, 0.005166, 0.021946, 0.028605, 0.026258, 0.026880, -0.034693, 0.016317, 0.026416, 0.025579, 0.025365, 0.025683, 0.084755, 0.062690, 0.034872, 0.036022, 0.033581, 0.031909, -0.036993, 0.085637, 0.058849, 0.041204, 0.039862, 0.037281, -0.482239, -0.019779, 0.062085, 0.030086, 0.036384, 0.032226, -0.038752, 0.085505, 0.058958, 0.041417, 0.039286, 0.036926, 0.094144, 0.060935, 0.034476, 0.035277, 0.031633, 0.031936, 0.039196, 0.041826, 0.034584, 0.033070, 0.031217, 0.030747, 0.090817, 0.043419, 0.013852, 0.022496, 0.024835, 0.025185, 0.038841, 0.099419, 0.046360, 0.031763, 0.034128, 0.033193, -0.340858, 0.028336, 0.060440, 0.026710, 0.034554, 0.030589, 0.036654, 0.098367, 0.045232, 0.031780, 0.033131, 0.032225, 0.099793, 0.042934, 0.016367, 0.024500, 0.025230, 0.027038, 0.032230, 0.024469, 0.022379, 0.026915, 0.027845, 0.027772},
    {0.005292, -0.018595, 0.007949, 0.024051, 0.029377, 0.026913, -0.077181, -0.287016, -0.078041, 0.008833, 0.013473, 0.018894, -0.279369, 2.347325, -0.274405, -0.021684, -0.018650, 0.001143, -0.080863, -0.287453, -0.077814, 0.008785, 0.014623, 0.019967, 0.008092, -0.010105, 0.009945, 0.022866, 0.028373, 0.026563, 0.021548, -0.007032, 0.019071, 0.029230, 0.026187, 0.027119, 0.058677, 0.068053, 0.055316, 0.033235, 0.034001, 0.032069, 0.088599, -0.043274, 0.070804, 0.058472, 0.039592, 0.039859, -0.019941, -0.437099, -0.038667, 0.066164, 0.028275, 0.036617, 0.083908, -0.044242, 0.070431, 0.058216, 0.038861, 0.039270, 0.060415, 0.073666, 0.055259, 0.032211, 0.032418, 0.031098, 0.042945, 0.029837, 0.038372, 0.034394, 0.030686, 0.030797, 0.034813, 0.062929, 0.040972, 0.014590, 0.021393, 0.022796, 0.099701, 0.008261, 0.088431, 0.048767, 0.031028, 0.034466, 0.027222, -0.329634, 0.011171, 0.066998, 0.024922, 0.034878, 0.097497, 0.007522, 0.088385, 0.048863, 0.030263, 0.032763, 0.042178, 0.072079, 0.043808, 0.017261, 0.024039, 0.025386, 0.023693, 0.021707, 0.026247, 0.024724, 0.026969, 0.028487},
    {0.024779, 0.008472, -0.014999, 0.008216, 0.024952, 0.030713, 0.005013, -0.075171, -0.277703, -0.078940, 0.007600, 0.014386, -0.032528, -0.274405, 2.362525, -0.274332, -0.021851, -0.020739, 0.004768, -0.079491, -0.280383, -0.077946, 0.009314, 0.014309, 0.024274, 0.010586, -0.007090, 0.011004, 0.023644, 0.029121, 0.030230, 0.019042, -0.004478, 0.019401, 0.028947, 0.028090, 0.034424, 0.054237, 0.066497, 0.054001, 0.032811, 0.033297, 0.058738, 0.072853, -0.042294, 0.069317, 0.058398, 0.041852, 0.062167, -0.037613, -0.432867, -0.040653, 0.066264, 0.029689, 0.057733, 0.070119, -0.044210, 0.068323, 0.058000, 0.040838, 0.033612, 0.056027, 0.073425, 0.055525, 0.032151, 0.033947, 0.034323, 0.037578, 0.029385, 0.037044, 0.031811, 0.031901, 0.011115, 0.038922, 0.063816, 0.041446, 0.014719, 0.020419, 0.044723, 0.089227, 0.008870, 0.087611, 0.049022, 0.033391, 0.060508, 0.011532, -0.327045, 0.009023, 0.066340, 0.026000, 0.045203, 0.087456, 0.007599, 0.086282, 0.047804, 0.031671, 0.014956, 0.044969, 0.072413, 0.044558, 0.017483, 0.024371, 0.022440, 0.027015, 0.022825, 0.027618, 0.023396, 0.026600},
    {0.029310, 0.024185, 0.007639, -0.015315, 0.008562, 0.024404, 0.014436, 0.008929, -0.077563, -0.277446, -0.077097, 0.004913, -0.019488, -0.021684, -0.274332, 2.363351, -0.273844, -0.032614, 0.014620, 0.008278, -0.078772, -0.279302, -0.077072, 0.004824, 0.027978, 0.023870, 0.010801, -0.007172, 0.009756, 0.022631, 0.027374, 0.030126, 0.019269, -0.004976, 0.020707, 0.030061, 0.034843, 0.033585, 0.054277, 0.066395, 0.055106, 0.034263, 0.041889, 0.058115, 0.069431, -0.041729, 0.072455, 0.058689, 0.029512, 0.066143, -0.040701, -0.433038, -0.038190, 0.061833, 0.040550, 0.057121, 0.068750, -0.044727, 0.070223, 0.058488, 0.033027, 0.031532, 0.055155, 0.072889, 0.054589, 0.032393, 0.032088, 0.033423, 0.036745, 0.028861, 0.038870, 0.034011, 0.021622, 0.014511, 0.040410, 0.063147, 0.039597, 0.010651, 0.032408, 0.047930, 0.087345, 0.009818, 0.089219, 0.045586, 0.026297, 0.066586, 0.008530, -0.327416, 0.010763, 0.060380, 0.033195, 0.048140, 0.086953, 0.007558, 0.088328, 0.046601, 0.024052, 0.016835, 0.045302, 0.072624, 0.043871, 0.014733, 0.027062, 0.024007, 0.027511, 0.022205, 0.027500, 0.022203},
    {0.027310, 0.029566, 0.023853, 0.006448, -0.018831, 0.003396, 0.019858, 0.013043, 0.007975, -0.078947, -0.286727, -0.078181, 0.000704, -0.018650, -0.021851, -0.273844, 2.347759, -0.276894, 0.020092, 0.014562, 0.009046, -0.078291, -0.287126, -0.081394, 0.026292, 0.027925, 0.023950, 0.009894, -0.011103, 0.007974, 0.026837, 0.028096, 0.030654, 0.018706, -0.006936, 0.020805, 0.032645, 0.034446, 0.034531, 0.055242, 0.069081, 0.059177, 0.039874, 0.039016, 0.059385, 0.071346, -0.042227, 0.087324, 0.036216, 0.028969, 0.066402, -0.038495, -0.437840, -0.019176, 0.039167, 0.039445, 0.057411, 0.069698, -0.043565, 0.083472, 0.030969, 0.032081, 0.031325, 0.055307, 0.073674, 0.060167, 0.031544, 0.031574, 0.032518, 0.037911, 0.030350, 0.041915, 0.022747, 0.021082, 0.014255, 0.040415, 0.063113, 0.036350, 0.034329, 0.030495, 0.049089, 0.089544, 0.008768, 0.099661, 0.034323, 0.025808, 0.066683, 0.010331, -0.332434, 0.028135, 0.033752, 0.030836, 0.048000, 0.087671, 0.006991, 0.097556, 0.024550, 0.023098, 0.017898, 0.045596, 0.071241, 0.043082, 0.027528, 0.027043, 0.024229, 0.027771, 0.021014, 0.024878},
    {0.024633, 0.024274, 0.028055, 0.020282, -0.001697, -0.067860, 0.018528, 0.019397, 0.013854, 0.004044, -0.082759, -0.370791, 0.002557, 0.001143, -0.020739, -0.032614, -0.276894, 2.199082, 0.017704, 0.019246, 0.012824, 0.004410, -0.081773, -0.371252, 0.025778, 0.026284, 0.027783, 0.022376, 0.007175, -0.046870, 0.025695, 0.025503, 0.025523, 0.027229, 0.015793, -0.034813, 0.033074, 0.032948, 0.036317, 0.036376, 0.061786, 0.085960, 0.037090, 0.040626, 0.042341, 0.059185, 0.085140, -0.036759, 0.032722, 0.037330, 0.029961, 0.060901, -0.019237, -0.481646, 0.035914, 0.039792, 0.040744, 0.058129, 0.083689, -0.040714, 0.032567, 0.032672, 0.033831, 0.033703, 0.060813, 0.093253, 0.031102, 0.032004, 0.031599, 0.034863, 0.042198, 0.040480, 0.025796, 0.024084, 0.023146, 0.014200, 0.041402, 0.092223, 0.032227, 0.033707, 0.031904, 0.045494, 0.098251, 0.039018, 0.031673, 0.034967, 0.026761, 0.060243, 0.028273, -0.340025, 0.031571, 0.033573, 0.032857, 0.047726, 0.098006, 0.035861, 0.026918, 0.025614, 0.024044, 0.015809, 0.043822, 0.100223, 0.027853, 0.028450, 0.025984, 0.022088, 0.024215, 0.032455},
    {-0.034632, 0.015969, 0.025734, 0.025002, 0.024957, 0.025555, -0.048537, 0.004813, 0.021763, 0.029204, 0.026335, 0.026677, -0.369446, -0.080863, 0.004768, 0.014620, 0.020092, 0.017704, 2.195965, -0.277480, -0.032062, -0.021274, 0.000646, 0.001398, -0.370748, -0.082510, 0.002866, 0.013267, 0.019617, 0.019848, -0.065821, -0.000889, 0.020481, 0.027449, 0.025779, 0.025868, 0.038835, 0.043368, 0.035374, 0.033103, 0.031615, 0.031543, 0.090742, 0.060263, 0.033178, 0.034337, 0.030817, 0.032302, -0.042059, 0.083431, 0.057105, 0.041130, 0.039663, 0.036320, -0.482805, -0.018547, 0.062200, 0.029696, 0.037031, 0.033286, -0.033580, 0.086956, 0.058978, 0.042122, 0.040665, 0.038121, 0.086507, 0.061980, 0.036309, 0.035974, 0.033066, 0.032378, 0.032711, 0.027802, 0.024056, 0.027146, 0.027593, 0.028769, 0.098758, 0.044711, 0.017081, 0.024977, 0.024605, 0.026896, 0.034564, 0.096837, 0.045852, 0.032632, 0.034005, 0.031887, -0.341473, 0.027080, 0.060344, 0.025738, 0.034154, 0.031206, 0.042660, 0.099832, 0.046296, 0.032200, 0.033337, 0.031610, 0.091409, 0.040484, 0.013992, 0.022062, 0.023628, 0.023316},
    {0.021422, -0.007597, 0.019211, 0.029859, 0.027151, 0.025977, 0.007035, -0.011350, 0.010319, 0.023541, 0.028501, 0.025161, -0.080382, -0.287453, -0.079491, 0.008278, 0.014562, 0.019246, -0.277480, 2.346055, -0.274548, -0.022124, -0.018297, 0.000336, -0.077390, -0.286381, -0.078813, 0.009404, 0.014650, 0.020071, 0.006323, -0.016290, 0.006777, 0.023470, 0.029724, 0.027389, 0.042462, 0.029190, 0.037116, 0.033299, 0.031371, 0.030928, 0.059424, 0.072727, 0.055330, 0.030899, 0.032926, 0.031088, 0.083896, -0.045787, 0.068962, 0.057549, 0.040277, 0.040350, -0.018118, -0.438361, -0.038243, 0.066558, 0.029285, 0.037691, 0.087887, -0.041090, 0.071335, 0.059164, 0.039784, 0.040749, 0.058274, 0.070165, 0.054818, 0.033537, 0.033665, 0.032172, 0.025136, 0.022366, 0.027880, 0.024755, 0.027544, 0.028560, 0.042812, 0.072722, 0.046121, 0.017068, 0.023636, 0.025395, 0.096667, 0.005938, 0.087244, 0.048211, 0.030785, 0.033701, 0.027727, -0.332402, 0.011119, 0.066897, 0.025017, 0.033895, 0.099716, 0.010187, 0.088822, 0.048684, 0.029217, 0.032533, 0.033445, 0.063862, 0.040209, 0.015050, 0.020921, 0.022696},
    {0.030422, 0.020242, -0.004910, 0.018677, 0.030325, 0.028344, 0.023402, 0.010800, -0.008476, 0.010365, 0.023020, 0.028779, 0.003797, -0.077814, -0.280383, -0.078772, 0.009046, 0.012824, -0.032062, -0.274548, 2.361187, -0.273641, -0.022133, -0.020370, 0.005294, -0.077715, -0.274992, -0.076040, 0.009479, 0.015061, 0.025088, 0.006590, -0.012477, 0.008457, 0.024728, 0.030543, 0.034107, 0.037159, 0.028790, 0.037009, 0.033222, 0.032219, 0.033374, 0.055040, 0.071430, 0.054385, 0.031123, 0.034183, 0.058236, 0.070086, -0.045377, 0.067862, 0.058369, 0.040484, 0.062333, -0.037289, -0.433485, -0.040085, 0.066389, 0.030073, 0.058258, 0.072160, -0.039420, 0.069613, 0.057923, 0.041219, 0.035263, 0.053816, 0.068910, 0.052819, 0.032171, 0.033512, 0.022905, 0.026745, 0.022463, 0.027509, 0.024523, 0.026413, 0.015831, 0.045282, 0.072453, 0.045418, 0.017607, 0.024382, 0.044873, 0.087662, 0.006748, 0.086345, 0.048999, 0.031812, 0.059409, 0.010892, -0.329049, 0.008553, 0.066351, 0.026723, 0.044741, 0.089664, 0.010948, 0.087041, 0.048453, 0.032315, 0.011519, 0.038786, 0.064711, 0.039555, 0.014992, 0.020689},
    {0.027199, 0.028669, 0.019485, -0.004457, 0.019980, 0.030238, 0.028280, 0.023123, 0.010948, -0.007539, 0.009693, 0.022365, 0.013331, 0.008785, -0.077946, -0.279302, -0.078291, 0.004410, -0.021274, -0.022124, -0.273641, 2.361942, -0.273488, -0.032369, 0.013257, 0.009875, -0.077898, -0.277228, -0.074668, 0.005350, 0.030532, 0.024497, 0.007434, -0.013929, 0.008826, 0.026820, 0.032851, 0.033636, 0.036761, 0.028287, 0.037354, 0.034738, 0.034464, 0.032219, 0.054464, 0.071663, 0.054725, 0.033194, 0.041791, 0.058410, 0.068034, -0.045245, 0.068704, 0.057945, 0.030350, 0.066831, -0.039475, -0.433961, -0.039286, 0.061250, 0.041095, 0.058961, 0.069220, -0.041199, 0.072981, 0.058076, 0.034531, 0.032785, 0.053656, 0.068087, 0.054083, 0.034657, 0.027504, 0.024085, 0.027253, 0.022781, 0.027979, 0.022682, 0.024257, 0.017330, 0.044609, 0.071376, 0.045418, 0.015715, 0.032018, 0.048127, 0.085417, 0.006218, 0.087898, 0.046774, 0.026404, 0.066573, 0.009443, -0.328100, 0.011182, 0.061186, 0.031948, 0.048353, 0.087596, 0.010594, 0.089411, 0.044345, 0.021726, 0.013563, 0.040174, 0.064084, 0.037968, 0.010867},
    {0.026713, 0.027080, 0.028680, 0.018030, -0.007771, 0.020410, 0.026113, 0.028257, 0.023026, 0.009257, -0.010915, 0.006102, 0.018733, 0.014623, 0.009314, -0.077072, -0.287126, -0.081773, 0.000646, -0.018297, -0.022133, -0.273488, 2.347010, -0.277051, 0.019632, 0.014249, 0.007944, -0.078816, -0.285225, -0.076842, 0.028398, 0.029650, 0.023749, 0.007436, -0.016845, 0.005827, 0.032655, 0.032557, 0.034458, 0.037452, 0.029378, 0.043065, 0.032199, 0.032585, 0.032182, 0.054610, 0.073438, 0.059743, 0.039798, 0.039082, 0.057737, 0.069053, -0.045776, 0.083195, 0.037505, 0.028799, 0.065635, -0.038990, -0.439394, -0.019257, 0.039462, 0.039575, 0.058517, 0.071729, -0.040643, 0.087679, 0.031375, 0.032820, 0.033276, 0.055942, 0.069960, 0.057774, 0.027824, 0.027005, 0.024541, 0.027982, 0.022262, 0.024815, 0.025020, 0.023245, 0.017514, 0.045011, 0.072216, 0.042386, 0.033521, 0.030765, 0.048301, 0.087132, 0.005937, 0.098169, 0.034772, 0.025323, 0.066792, 0.011191, -0.332600, 0.028571, 0.033291, 0.030794, 0.049515, 0.089258, 0.009499, 0.099674, 0.023098, 0.020494, 0.014290, 0.040878, 0.062412, 0.034682},
    {0.025984, 0.025357, 0.025028, 0.026653, 0.015012, -0.037220, 0.026531, 0.027025, 0.027346, 0.022093, 0.005843, -0.049329, 0.019586, 0.019967, 0.014309, 0.004824, -0.081394, -0.371252, 0.001398, 0.000336, -0.020370, -0.032369, -0.277051, 2.197305, 0.018749, 0.019325, 0.012667, 0.003090, -0.083237, -0.368295, 0.025229, 0.025800, 0.027490, 0.020693, 0.000654, -0.064103, 0.031166, 0.031217, 0.032475, 0.035455, 0.042896, 0.039960, 0.030985, 0.032371, 0.034154, 0.034184, 0.060870, 0.092074, 0.037706, 0.040220, 0.041079, 0.058251, 0.083443, -0.042099, 0.032879, 0.037145, 0.029941, 0.061618, -0.018086, -0.483464, 0.037381, 0.040615, 0.041548, 0.058553, 0.084916, -0.034770, 0.031487, 0.032547, 0.035280, 0.035338, 0.062160, 0.085477, 0.028692, 0.028082, 0.028047, 0.023457, 0.026050, 0.034663, 0.025374, 0.025269, 0.024031, 0.016468, 0.043650, 0.099866, 0.032473, 0.032860, 0.031211, 0.045293, 0.097358, 0.034928, 0.031961, 0.035110, 0.027127, 0.060407, 0.028960, -0.341827, 0.033117, 0.033977, 0.032700, 0.046285, 0.098188, 0.041702, 0.024793, 0.023702, 0.022249, 0.013931, 0.041611, 0.089865},
    {-0.003088, 0.021777, 0.023752, 0.023627, 0.024671, 0.025431, -0.033571, 0.018150, 0.030107, 0.026792, 0.026663, 0.026229, -0.048194, 0.008092, 0.024274, 0.027978, 0.026292, 0.025778, -0.370748, -0.077390, 0.005294, 0.013257, 0.019632, 0.018749, 2.162671, -0.290404, -0.036800, -0.022259, -0.000648, -0.000530, -0.376136, -0.096860, -0.003477, 0.011247, 0.018256, 0.017911, 0.044441, 0.039002, 0.032689, 0.031750, 0.030437, 0.030418, 0.034949, 0.038719, 0.034177, 0.031456, 0.030520, 0.030714, 0.091356, 0.060244, 0.033634, 0.033820, 0.031891, 0.032781, -0.036855, 0.087380, 0.058290, 0.041550, 0.039938, 0.037834, -0.493719, -0.019288, 0.063923, 0.031601, 0.037260, 0.032927, 0.003412, 0.101960, 0.067576, 0.047402, 0.044869, 0.041418, 0.040495, 0.029245, 0.026656, 0.029267, 0.028756, 0.029321, 0.030112, 0.023054, 0.022969, 0.026563, 0.027792, 0.027647, 0.099699, 0.041523, 0.015230, 0.024259, 0.025873, 0.026700, 0.040586, 0.099296, 0.045354, 0.032857, 0.033825, 0.033095, -0.347641, 0.026668, 0.060138, 0.025889, 0.032865, 0.030132, 0.083026, 0.109731, 0.045124, 0.029094, 0.030575, 0.029501},
    {0.024915, 0.015085, 0.024393, 0.026537, 0.024842, 0.025279, 0.017502, -0.007667, 0.018226, 0.029573, 0.026923, 0.025924, 0.005166, -0.010105, 0.010586, 0.023870, 0.027925, 0.026284, -0.082510, -0.286381, -0.077715, 0.009875, 0.014249, 0.019325, -0.290404, 2.323994, -0.285781, -0.025848, -0.020789, -0.000722, -0.074687, -0.281336, -0.078853, 0.004768, 0.015593, 0.021599, 0.039467, 0.036184, 0.035383, 0.030174, 0.030305, 0.031161, 0.039899, 0.027022, 0.035003, 0.031735, 0.030633, 0.030828, 0.060900, 0.073295, 0.055317, 0.031199, 0.033065, 0.032482, 0.086960, -0.042959, 0.071185, 0.058659, 0.039454, 0.039822, -0.019136, -0.448085, -0.038933, 0.068445, 0.029989, 0.037870, 0.109555, -0.015877, 0.087537, 0.063398, 0.044162, 0.043699, 0.027831, 0.032584, 0.031826, 0.026862, 0.029223, 0.029274, 0.023718, 0.021234, 0.026170, 0.023653, 0.027674, 0.028123, 0.042849, 0.072303, 0.044899, 0.016654, 0.023792, 0.025378, 0.098959, 0.009241, 0.089788, 0.048222, 0.030057, 0.033186, 0.026338, -0.339966, 0.011126, 0.066781, 0.024972, 0.033890, 0.110805, 0.028664, 0.098137, 0.043514, 0.026017, 0.029069},
    {0.026060, 0.024496, 0.016072, 0.024511, 0.026396, 0.026256, 0.029141, 0.019050, -0.006274, 0.018104, 0.029968, 0.026693, 0.021946, 0.009945, -0.007090, 0.010801, 0.023950, 0.027783, 0.002866, -0.078813, -0.274992, -0.077898, 0.007944, 0.012667, -0.036800, -0.285781, 2.340743, -0.285457, -0.026518, -0.023478, 0.002798, -0.074908, -0.270240, -0.074549, 0.007278, 0.018563, 0.031084, 0.035899, 0.036123, 0.035643, 0.030255, 0.031949, 0.033995, 0.035896, 0.026659, 0.034503, 0.031853, 0.031335, 0.034621, 0.054783, 0.072098, 0.054278, 0.031272, 0.033467, 0.059741, 0.071237, -0.040303, 0.069066, 0.058358, 0.042680, 0.064156, -0.038149, -0.441866, -0.042504, 0.067717, 0.031406, 0.063983, 0.088290, -0.015810, 0.085580, 0.062521, 0.046796, 0.025018, 0.030180, 0.032482, 0.030787, 0.025676, 0.028415, 0.023394, 0.026595, 0.021882, 0.027141, 0.024627, 0.026558, 0.016893, 0.044011, 0.071817, 0.045201, 0.017598, 0.023933, 0.046022, 0.088470, 0.009486, 0.086528, 0.048726, 0.033035, 0.059930, 0.011283, -0.336143, 0.007489, 0.067109, 0.025281, 0.039436, 0.097804, 0.029476, 0.095675, 0.043143, 0.027476},
    {0.024981, 0.025407, 0.025883, 0.017145, 0.024654, 0.027048, 0.026774, 0.028948, 0.018420, -0.005578, 0.017560, 0.029659, 0.028605, 0.022866, 0.011004, -0.007172, 0.009894, 0.022376, 0.013267, 0.009404, -0.076040, -0.277228, -0.078816, 0.003090, -0.022259, -0.025848, -0.285457, 2.341783, -0.286114, -0.037061, 0.017095, 0.007155, -0.077626, -0.271690, -0.074443, 0.003827, 0.030335, 0.030589, 0.036049, 0.035312, 0.035592, 0.031017, 0.032440, 0.032822, 0.034522, 0.025823, 0.034749, 0.034099, 0.035732, 0.031353, 0.054659, 0.072356, 0.055335, 0.034083, 0.042672, 0.058818, 0.069104, -0.042355, 0.071513, 0.059724, 0.031893, 0.067789, -0.043049, -0.440734, -0.039565, 0.064149, 0.046326, 0.063497, 0.085680, -0.014957, 0.089065, 0.063912, 0.028742, 0.027108, 0.030253, 0.031680, 0.031759, 0.024855, 0.027533, 0.025140, 0.025791, 0.020442, 0.026963, 0.022467, 0.024329, 0.016604, 0.044101, 0.072099, 0.045714, 0.015380, 0.032055, 0.048438, 0.086016, 0.008616, 0.089026, 0.046150, 0.025885, 0.066527, 0.006732, -0.334448, 0.009835, 0.059979, 0.027892, 0.043771, 0.095743, 0.029579, 0.098266, 0.039385},
    {0.025660, 0.025365, 0.025621, 0.023269, 0.014851, 0.025219, 0.026031, 0.026389, 0.029082, 0.017637, -0.007815, 0.018368, 0.026258, 0.028373, 0.023644, 0.009756, -0.011103, 0.007175, 0.019617, 0.014650, 0.009479, -0.074668, -0.285225, -0.083237, -0.000648, -0.020789, -0.026518, -0.286114, 2.324578, -0.290703, 0.021969, 0.014961, 0.005291, -0.080597, -0.283646, -0.074658, 0.031712, 0.031602, 0.031182, 0.035715, 0.036807, 0.038789, 0.031258, 0.031251, 0.032529, 0.035017, 0.027899, 0.039453, 0.031877, 0.032955, 0.032024, 0.054332, 0.073118, 0.060498, 0.040335, 0.039411, 0.058101, 0.072451, -0.041662, 0.084234, 0.037875, 0.029931, 0.067866, -0.039848, -0.446161, -0.020242, 0.043354, 0.043066, 0.064582, 0.087249, -0.015383, 0.109992, 0.029537, 0.028790, 0.026117, 0.030600, 0.032578, 0.027662, 0.028191, 0.026910, 0.024678, 0.026514, 0.021054, 0.023945, 0.025435, 0.023562, 0.017666, 0.044867, 0.071069, 0.043459, 0.033405, 0.029683, 0.047009, 0.089673, 0.009168, 0.097319, 0.033618, 0.025197, 0.066786, 0.009576, -0.338851, 0.026119, 0.029037, 0.025992, 0.045158, 0.097419, 0.029583, 0.113066},
    {0.025511, 0.024465, 0.023415, 0.022999, 0.022497, -0.002889, 0.027359, 0.026254, 0.026365, 0.027881, 0.016854, -0.033984, 0.026880, 0.026563, 0.029121, 0.022631, 0.007974, -0.046870, 0.019848, 0.020071, 0.015061, 0.005350, -0.076842, -0.368295, -0.000530, -0.000722, -0.023478, -0.037061, -0.290703, 2.163239, 0.016285, 0.018194, 0.010289, -0.004508, -0.097367, -0.376007, 0.030686, 0.030438, 0.031805, 0.032315, 0.040116, 0.044076, 0.031519, 0.030874, 0.031985, 0.034412, 0.039797, 0.035014, 0.032168, 0.031008, 0.034056, 0.033423, 0.060164, 0.091141, 0.037612, 0.040047, 0.042048, 0.058846, 0.087612, -0.036315, 0.033103, 0.037756, 0.031205, 0.064360, -0.019220, -0.494229, 0.041424, 0.044028, 0.046743, 0.066423, 0.101430, 0.004297, 0.028888, 0.028404, 0.029112, 0.025882, 0.029909, 0.039717, 0.028516, 0.027914, 0.027151, 0.023527, 0.024520, 0.030267, 0.026384, 0.024462, 0.023819, 0.014977, 0.042175, 0.099186, 0.031637, 0.033496, 0.031709, 0.043723, 0.098766, 0.040177, 0.030197, 0.034270, 0.025600, 0.060055, 0.026707, -0.350296, 0.030748, 0.031018, 0.030003, 0.046521, 0.111511, 0.083611},
    {-0.004250, 0.021835, 0.023975, 0.024205, 0.024187, 0.022068, -0.002883, 0.025656, 0.025451, 0.024504, 0.025472, 0.024708, -0.034693, 0.021548, 0.030230, 0.027374, 0.026837, 0.025695, -0.065821, 0.006323, 0.025088, 0.030532, 0.028398, 0.025229, -0.376136, -0.074687, 0.002798, 0.017095, 0.021969, 0.016285, 1.916511, -0.391970, -0.091511, -0.059389, -0.027201, -0.030442, 0.035756, 0.035992, 0.031481, 0.031913, 0.031416, 0.030115, 0.044081, 0.038965, 0.031546, 0.031659, 0.031628, 0.031336, 0.038179, 0.041716, 0.034765, 0.031995, 0.030957, 0.031428, 0.083531, 0.057580, 0.034412, 0.034413, 0.031823, 0.032336, -0.000832, 0.108052, 0.063591, 0.046861, 0.044421, 0.042104, -0.570796, 0.002907, 0.086900, 0.045083, 0.051322, 0.042825, 0.033811, 0.029098, 0.027873, 0.029222, 0.028639, 0.028555, 0.039415, 0.028674, 0.025911, 0.028669, 0.028366, 0.029096, 0.034039, 0.025262, 0.023829, 0.026679, 0.027861, 0.028876, 0.092406, 0.034910, 0.012285, 0.021459, 0.023635, 0.025841, 0.082285, 0.110758, 0.038841, 0.027782, 0.029945, 0.031012, -0.356288, 0.083651, 0.095060, 0.041971, 0.046447, 0.039950},
    {0.022165, 0.014821, 0.023911, 0.025713, 0.024672, 0.024462, 0.021490, 0.015661, 0.025281, 0.025268, 0.024946, 0.024398, 0.016317, -0.007032, 0.019042, 0.030126, 0.028096, 0.025503, -0.000889, -0.016290, 0.006590, 0.024497, 0.029650, 0.025800, -0.096860, -0.281336, -0.074908, 0.007155, 0.014961, 0.018194, -0.391970, 2.154813, -0.373593, -0.069650, -0.054421, -0.027904, 0.036372, 0.030640, 0.032963, 0.030804, 0.031400, 0.031511, 0.039265, 0.036622, 0.036357, 0.030066, 0.031428, 0.030959, 0.042763, 0.028046, 0.036559, 0.033540, 0.031821, 0.031577, 0.061641, 0.067873, 0.052872, 0.033120, 0.032579, 0.031948, 0.100090, -0.018766, 0.086976, 0.062904, 0.043423, 0.044197, 0.003161, -0.492042, -0.028137, 0.091081, 0.043310, 0.051085, 0.028918, 0.027698, 0.029823, 0.028138, 0.028676, 0.028535, 0.028894, 0.032192, 0.031104, 0.026041, 0.028398, 0.028563, 0.025513, 0.021770, 0.028112, 0.024636, 0.027001, 0.028008, 0.040859, 0.064057, 0.040324, 0.015271, 0.020898, 0.023240, 0.110510, 0.028089, 0.098232, 0.044935, 0.026302, 0.031218, 0.083946, -0.347226, 0.046396, 0.098600, 0.038788, 0.047132},
    {0.024996, 0.023004, 0.016096, 0.024555, 0.025124, 0.024213, 0.023509, 0.024579, 0.016738, 0.024194, 0.025774, 0.023953, 0.026416, 0.019071, -0.004478, 0.019269, 0.030654, 0.025523, 0.020481, 0.006777, -0.012477, 0.007434, 0.023749, 0.027490, -0.003477, -0.078853, -0.270240, -0.077626, 0.005291, 0.010289, -0.091511, -0.373593, 2.181982, -0.371203, -0.069317, -0.061457, 0.032276, 0.032971, 0.029589, 0.032653, 0.030483, 0.031530, 0.032268, 0.037061, 0.035952, 0.035396, 0.030701, 0.032066, 0.034840, 0.037735, 0.028026, 0.036914, 0.033318, 0.032366, 0.036189, 0.053868, 0.067531, 0.053658, 0.033215, 0.035624, 0.066818, 0.086059, -0.018368, 0.083970, 0.064657, 0.047697, 0.086960, -0.028496, -0.488027, -0.032643, 0.091853, 0.045551, 0.026985, 0.028905, 0.028414, 0.031433, 0.027834, 0.028521, 0.025910, 0.031009, 0.033207, 0.031442, 0.026149, 0.028684, 0.023011, 0.027452, 0.022286, 0.027653, 0.024402, 0.026435, 0.013956, 0.040425, 0.063956, 0.040336, 0.015256, 0.022142, 0.044541, 0.097918, 0.028476, 0.095103, 0.045812, 0.030292, 0.094075, 0.046110, -0.346224, 0.039890, 0.098258, 0.043034},
    {0.025358, 0.025934, 0.024333, 0.017080, 0.022896, 0.024618, 0.025378, 0.025295, 0.024097, 0.016905, 0.024334, 0.023673, 0.025579, 0.029230, 0.019401, -0.004976, 0.018706, 0.027229, 0.027449, 0.023470, 0.008457, -0.013929, 0.007436, 0.020693, 0.011247, 0.004768, -0.074549, -0.271690, -0.080597, -0.004508, -0.059389, -0.069650, -0.371203, 2.184980, -0.374927, -0.093922, 0.029883, 0.030672, 0.033339, 0.030335, 0.032419, 0.032745, 0.031113, 0.030129, 0.035087, 0.035401, 0.036038, 0.032122, 0.032139, 0.033919, 0.036132, 0.027694, 0.037168, 0.035004, 0.036690, 0.033995, 0.053117, 0.066840, 0.055195, 0.036174, 0.048203, 0.063986, 0.084983, -0.019340, 0.085763, 0.066694, 0.046576, 0.091975, -0.033412, -0.486476, -0.028330, 0.086545, 0.028143, 0.027833, 0.029845, 0.028943, 0.029713, 0.027957, 0.028999, 0.025965, 0.030713, 0.032872, 0.031494, 0.025305, 0.027051, 0.024964, 0.027377, 0.022605, 0.027850, 0.022422, 0.022404, 0.014809, 0.039907, 0.064345, 0.041687, 0.013833, 0.028399, 0.043978, 0.096195, 0.028495, 0.097767, 0.046418, 0.041477, 0.098092, 0.038754, -0.344674, 0.045979, 0.094642},
