/*******************************************************************************
* The MASH Framework contains the source code of all the servers in the
* "computation farm" of the MASH project (http://www.mash-project.eu),
* developed at the Idiap Research Institute (http://www.idiap.ch).
*
* Copyright (c) 2016 Idiap Research Institute, http://www.idiap.ch/
* Written by Leonidas Lefakis (leonidas.lefakis@idiap.ch)
*
* This file is part of the MASH Framework.
*
* The MASH Framework is free software: you can redistribute it and/or modify
* it under the terms of either the GNU General Public License version 2 or
* the GNU General Public License version 3 as published by the Free
* Software Foundation, whichever suits the most your needs.
*
* The MASH Framework is distributed in the hope that it will be useful,
* but WITHOUT ANY WARRANTY; without even the implied warranty of
* MERCHANTABILITY or FITNESS FOR A PARTICULAR PURPOSE. See the
* GNU General Public License for more details.
*
* You should have received a copy of the GNU General Public Licenses
* along with the MASH Framework. If not, see <http://www.gnu.org/licenses/>.
*******************************************************************************/


/** Author: Leonidas Lefakis (leonidas.lefakis@idiap.ch)
 *
 * TODO: Write a description of your heuristic
 */

#include <mash/heuristic.h>
#include <cmath>
#include <stdio.h>
#include <stdlib.h>

using namespace Mash;


//------------------------------------------------------------------------------
// Declaration of the heuristic class
//------------------------------------------------------------------------------
class conrner_scratches1600: public Heuristic {
    
public:
    
    
    virtual unsigned int dim();
    
    virtual void prepareForCoordinates();
    
    virtual scalar_t computeFeature(unsigned int feature_index);
    
    
    //_____ Attributes __________
protected:
    float fhn;
    float fist_[12800];
    static const float OPM_[1600][108];
    static const float P_[108][108];
    static const float M_[108];
    static const float alpha;
};


//------------------------------------------------------------------------------
// Creation function of the heuristic
//------------------------------------------------------------------------------

const float conrner_scratches1600::alpha = 0.25f;

const float conrner_scratches1600::P_[108][108] = {
{1.9227,-0.39387,-0.093622,-0.062406,-0.030727,-0.032976,-0.38201,-0.075398,0.0043564,0.016691,0.021541,0.018355,-0.069447,0.0054959,0.025327,0.030255,0.02739,0.025454,-0.035489,0.021603,0.029926,0.02759,0.026724,0.025394,-0.0026938,0.025,0.026247,0.025865,0.026506,0.025026,-0.004025,0.022144,0.02481,0.024793,0.025873,0.0224,-0.56418,3.4391e-05,0.086571,0.046403,0.052199,0.04222,0.0019298,0.10932,0.06455,0.047873,0.044469,0.041347,0.086213,0.058575,0.034103,0.03491,0.03251,0.032555,0.040234,0.042179,0.034029,0.032052,0.0321,0.031994,0.045722,0.039266,0.031263,0.03035,0.031264,0.030823,0.035858,0.036003,0.030896,0.029759,0.029993,0.028285,-0.35296,0.082773,0.095667,0.04369,0.049051,0.042703,0.082344,0.11403,0.039993,0.027537,0.030126,0.031717,0.091556,0.036255,0.011515,0.020481,0.022722,0.025091,0.03302,0.025076,0.023267,0.026849,0.028386,0.028626,0.039083,0.027908,0.025472,0.028058,0.028556,0.028038,0.031405,0.02791,0.026024,0.027937,0.027884,0.025969}, 
{-0.39387,2.162,-0.37628,-0.071212,-0.05436,-0.029274,-0.098743,-0.28569,-0.074899,0.0082637,0.015238,0.017234,-0.0017166,-0.019341,0.00853,0.025138,0.029573,0.024787,0.015911,-0.007621,0.018713,0.028335,0.026768,0.025465,0.021731,0.015232,0.025169,0.025801,0.025881,0.025204,0.021727,0.013911,0.023879,0.025206,0.024712,0.024293,-0.0022627,-0.48655,-0.029358,0.091235,0.044112,0.050577,0.099554,-0.017326,0.089231,0.063939,0.044275,0.044442,0.061868,0.069037,0.054959,0.033275,0.034394,0.032436,0.042911,0.029542,0.037348,0.033324,0.031802,0.031427,0.039755,0.037985,0.037269,0.030427,0.030882,0.030807,0.03549,0.03042,0.033447,0.030024,0.030402,0.029658,0.082742,-0.34031,0.045039,0.098388,0.039348,0.047792,0.11199,0.029635,0.099134,0.0433,0.025674,0.031257,0.042192,0.063683,0.040442,0.014041,0.021619,0.023867,0.025972,0.021246,0.027021,0.02437,0.027364,0.028231,0.02837,0.032525,0.031149,0.025724,0.028325,0.028188,0.027757,0.026976,0.029757,0.0269,0.028172,0.027932}, 
{-0.093622,-0.37628,2.1893,-0.37296,-0.069418,-0.060593,-0.0037521,-0.081692,-0.27424,-0.07599,0.0058104,0.010388,0.020381,0.006352,-0.014218,0.0081097,0.023069,0.026524,0.027474,0.018146,-0.0042666,0.019186,0.028272,0.025827,0.024678,0.023121,0.016898,0.024704,0.025306,0.025169,0.023329,0.023755,0.016578,0.024386,0.025008,0.024463,0.08579,-0.029602,-0.48233,-0.036049,0.090816,0.046436,0.067913,0.087189,-0.018679,0.084478,0.063807,0.047437,0.037392,0.056351,0.067899,0.052878,0.032564,0.035184,0.035782,0.038439,0.029755,0.03727,0.033929,0.032536,0.032582,0.03635,0.036393,0.036391,0.030892,0.031299,0.030238,0.033598,0.029712,0.03236,0.030041,0.029695,0.094955,0.043849,-0.33959,0.039469,0.098754,0.043408,0.045679,0.096951,0.029536,0.097446,0.045454,0.029585,0.014257,0.040679,0.064769,0.040308,0.014504,0.022425,0.023058,0.026921,0.023242,0.027474,0.024361,0.027795,0.026024,0.030495,0.032593,0.030756,0.026252,0.028666,0.026133,0.029737,0.026583,0.028866,0.027102,0.027787}, 
{-0.062406,-0.071212,-0.37296,2.1894,-0.37545,-0.093672,0.010533,0.0051432,-0.076469,-0.27449,-0.080149,-0.0044334,0.028453,0.022982,0.0090116,-0.014823,0.0073264,0.02093,0.025121,0.027918,0.018735,-0.0055301,0.019487,0.028092,0.02449,0.025773,0.02515,0.016702,0.023716,0.024606,0.023597,0.025222,0.02433,0.016678,0.022488,0.023728,0.046307,0.091389,-0.035385,-0.48202,-0.029595,0.086053,0.048032,0.064745,0.084606,-0.019391,0.087353,0.067592,0.036275,0.033697,0.054434,0.066513,0.054677,0.035385,0.032289,0.033758,0.036842,0.028362,0.038591,0.034867,0.032842,0.031391,0.035811,0.036482,0.036911,0.031916,0.030807,0.030156,0.031637,0.029673,0.032629,0.030791,0.043286,0.099115,0.039541,-0.33791,0.044396,0.094429,0.029233,0.045291,0.096146,0.029161,0.098055,0.046366,0.021523,0.014986,0.041233,0.064177,0.040115,0.012569,0.026052,0.024364,0.028001,0.023743,0.028678,0.022186,0.029193,0.026155,0.031091,0.033725,0.030908,0.025125,0.027662,0.02691,0.02866,0.027943,0.029251,0.026485}, 
{-0.030727,-0.05436,-0.069418,-0.37545,2.1597,-0.3958,0.017137,0.015394,0.0071043,-0.075582,-0.28628,-0.098073,0.025137,0.029551,0.024077,0.0084947,-0.017552,-0.00039505,0.024687,0.02716,0.029702,0.01904,-0.0069508,0.015346,0.024911,0.025537,0.025919,0.024151,0.01557,0.022099,0.024119,0.025658,0.025992,0.023278,0.014207,0.020316,0.051507,0.043326,0.091496,-0.029084,-0.48678,0.00055404,0.044799,0.043404,0.063155,0.088821,-0.017553,0.10259,0.032422,0.033026,0.032565,0.055208,0.069427,0.062975,0.031428,0.031724,0.033221,0.037261,0.029268,0.042177,0.03106,0.030659,0.030947,0.036301,0.037161,0.039574,0.029365,0.029834,0.03076,0.032995,0.030499,0.035571,0.047172,0.038917,0.098316,0.044197,-0.34142,0.08323,0.032168,0.025732,0.043153,0.09829,0.027927,0.11301,0.023823,0.021262,0.01447,0.040922,0.063571,0.041987,0.028335,0.027789,0.025102,0.027899,0.021776,0.025566,0.02986,0.028045,0.025682,0.030431,0.032512,0.029439,0.028307,0.027811,0.026779,0.028388,0.027473,0.028982}, 
{-0.032976,-0.029274,-0.060593,-0.093672,-0.3958,1.9256,0.016957,0.021951,0.016955,0.0035654,-0.075982,-0.38255,0.024443,0.026747,0.029047,0.025152,0.0055867,-0.069615,0.02495,0.027054,0.027563,0.030325,0.022046,-0.036969,0.025825,0.026702,0.0266,0.027133,0.025416,-0.0039429,0.022562,0.025304,0.025752,0.023883,0.021579,-0.004502,0.042598,0.051633,0.046483,0.087132,0.00069176,-0.56209,0.042683,0.044196,0.04656,0.064214,0.10985,0.00039239,0.03265,0.031755,0.033411,0.033882,0.059664,0.087701,0.029926,0.031886,0.032672,0.034286,0.043354,0.040793,0.029534,0.03133,0.031376,0.032289,0.039511,0.044839,0.027066,0.029952,0.030865,0.03066,0.034968,0.034618,0.043486,0.046815,0.042442,0.095159,0.08124,-0.3535,0.033123,0.030741,0.027685,0.040414,0.11442,0.080442,0.026137,0.023494,0.019973,0.010846,0.036082,0.093163,0.028009,0.028891,0.026959,0.021678,0.024849,0.034492,0.02905,0.029175,0.028057,0.024807,0.028016,0.040124,0.027171,0.027138,0.02769,0.026054,0.028349,0.033409}, 
{-0.38201,-0.098743,-0.0037521,0.010533,0.017137,0.016957,2.1661,-0.28982,-0.036371,-0.02402,-0.0010386,-0.0020097,-0.37114,-0.076985,0.0048908,0.013625,0.020622,0.019616,-0.04772,0.0072907,0.022938,0.02846,0.026719,0.025136,-0.031671,0.018633,0.029624,0.026804,0.025248,0.025798,-0.0017796,0.022001,0.023895,0.024552,0.025433,0.026013,-0.0013314,0.099484,0.066828,0.047813,0.044539,0.042014,-0.48989,-0.019178,0.064381,0.030873,0.03846,0.033309,-0.034668,0.089124,0.059604,0.042068,0.040555,0.038092,0.091866,0.058729,0.0329,0.034365,0.032305,0.030971,0.035974,0.038836,0.034586,0.032343,0.030768,0.030786,0.044172,0.038028,0.031701,0.031127,0.02961,0.030139,0.080955,0.11141,0.046877,0.030423,0.032499,0.032336,-0.34419,0.027712,0.059802,0.024011,0.034246,0.030563,0.042663,0.10081,0.04508,0.030275,0.032597,0.032518,0.1005,0.041491,0.015061,0.023313,0.025297,0.025709,0.029876,0.023371,0.023555,0.027729,0.028357,0.027808,0.038462,0.028284,0.025576,0.029095,0.028335,0.027614}, 
{-0.075398,-0.28569,-0.081692,0.0051432,0.015394,0.021951,-0.28982,2.3284,-0.28534,-0.026309,-0.022158,-0.0025183,-0.083003,-0.28701,-0.077542,0.0093401,0.013717,0.019765,0.0066946,-0.01032,0.0098554,0.022792,0.027576,0.025029,0.018081,-0.0086427,0.017988,0.02818,0.02622,0.026231,0.026484,0.015908,0.025382,0.026395,0.025632,0.025269,0.10656,-0.020038,0.085926,0.064611,0.044264,0.044601,-0.021147,-0.44278,-0.037389,0.068557,0.029332,0.037793,0.08483,-0.041182,0.073794,0.060115,0.040168,0.041099,0.060207,0.072961,0.055656,0.031977,0.033036,0.032115,0.03935,0.026418,0.035049,0.032328,0.031512,0.032486,0.038315,0.036107,0.034771,0.03018,0.03097,0.030178,0.11471,0.027276,0.096771,0.045303,0.026504,0.03028,0.02664,-0.33601,0.0099071,0.065875,0.023979,0.033319,0.099051,0.0093676,0.089272,0.04843,0.030449,0.034143,0.044033,0.072737,0.045353,0.016889,0.024078,0.024565,0.023001,0.021534,0.027881,0.024265,0.027352,0.028678,0.02714,0.032273,0.031132,0.026394,0.027934,0.027009}, 
{0.0043564,-0.074899,-0.27424,-0.076469,0.0071043,0.016955,-0.036371,-0.28534,2.344,-0.28557,-0.026641,-0.024338,0.0042112,-0.080433,-0.27907,-0.077181,0.00855,0.01425,0.02265,0.011248,-0.0067802,0.011029,0.022109,0.027651,0.028435,0.016939,-0.0051486,0.019186,0.029227,0.027554,0.025806,0.0241,0.017458,0.024741,0.025136,0.026199,0.063677,0.087401,-0.020289,0.083532,0.06319,0.047494,0.064439,-0.038111,-0.43831,-0.042425,0.068207,0.030724,0.060228,0.071218,-0.041248,0.070001,0.058347,0.043092,0.03403,0.056743,0.072519,0.054267,0.030438,0.033814,0.033761,0.035107,0.026653,0.035524,0.032845,0.031439,0.031107,0.036426,0.03601,0.035104,0.030336,0.030596,0.040019,0.097888,0.02691,0.095468,0.044513,0.02851,0.059608,0.010525,-0.33121,0.0077628,0.067394,0.025294,0.045834,0.087739,0.010654,0.088649,0.048777,0.033224,0.015926,0.046289,0.072482,0.045126,0.016986,0.024017,0.023168,0.026162,0.020966,0.027113,0.025297,0.026942,0.024503,0.030724,0.031529,0.029762,0.025731,0.027653}, 
{0.016691,0.0082637,-0.07599,-0.27449,-0.075582,0.0035654,-0.02402,-0.026309,-0.28557,2.3445,-0.28574,-0.036563,0.013642,0.006993,-0.077431,-0.27813,-0.079353,0.0039275,0.02802,0.022676,0.012254,-0.0064181,0.010623,0.02327,0.026645,0.028845,0.018189,-0.0055273,0.018496,0.029002,0.024929,0.024987,0.023089,0.016663,0.024958,0.026097,0.047731,0.063597,0.084014,-0.020578,0.087142,0.063654,0.031419,0.068063,-0.043087,-0.43815,-0.038974,0.063833,0.043762,0.058743,0.070209,-0.041309,0.071322,0.060083,0.034984,0.031349,0.054895,0.07209,0.055575,0.03392,0.031942,0.033039,0.03554,0.02614,0.035287,0.03364,0.031028,0.030877,0.035433,0.035545,0.036072,0.031264,0.02866,0.044296,0.095778,0.026678,0.097765,0.040508,0.024805,0.066284,0.007185,-0.33044,0.010893,0.059679,0.032267,0.048378,0.088468,0.010929,0.089313,0.04619,0.023421,0.017156,0.045557,0.072264,0.045398,0.015292,0.026832,0.02488,0.026706,0.021544,0.026828,0.022556,0.028487,0.026801,0.030042,0.031876,0.030057,0.023621}, 
{0.021541,0.015238,0.0058104,-0.080149,-0.28628,-0.075982,-0.0010386,-0.022158,-0.026641,-0.28574,2.3273,-0.29061,0.018852,0.014114,0.0080608,-0.076478,-0.288,-0.083279,0.026678,0.028374,0.022841,0.012013,-0.010853,0.0062288,0.026076,0.026778,0.029242,0.018846,-0.0074436,0.018723,0.026036,0.025047,0.024157,0.024349,0.015407,0.023704,0.044714,0.044442,0.064234,0.086508,-0.019704,0.10843,0.038491,0.028912,0.068116,-0.038847,-0.44308,-0.019395,0.040808,0.040018,0.058636,0.073122,-0.041301,0.086323,0.032533,0.032447,0.030901,0.055427,0.072362,0.060105,0.03054,0.030482,0.032873,0.035128,0.027034,0.039862,0.031552,0.031009,0.030781,0.036803,0.03698,0.03902,0.029162,0.026416,0.045626,0.09833,0.026351,0.11247,0.033384,0.023596,0.066858,0.010545,-0.33581,0.02596,0.033265,0.030793,0.048471,0.090438,0.010764,0.099526,0.024885,0.023694,0.017004,0.045647,0.072173,0.042971,0.02772,0.027544,0.025146,0.026272,0.021386,0.024423,0.027913,0.028017,0.025686,0.029597,0.031314,0.027712}, 
{0.018355,0.017234,0.010388,-0.0044334,-0.098073,-0.38255,-0.0020097,-0.0025183,-0.024338,-0.036563,-0.29061,2.1688,0.017927,0.019773,0.014717,0.004996,-0.07793,-0.37398,0.026068,0.025744,0.028269,0.023527,0.0081417,-0.048732,0.026441,0.027297,0.026881,0.029774,0.018909,-0.032805,0.025783,0.025691,0.024638,0.023501,0.022247,-0.0025853,0.042447,0.044624,0.048185,0.068221,0.10148,-0.0018885,0.032968,0.037134,0.030643,0.064862,-0.01893,-0.48728,0.037671,0.039822,0.042288,0.058656,0.088189,-0.035634,0.031202,0.030553,0.033559,0.033107,0.059759,0.092923,0.02987,0.03128,0.030813,0.034322,0.039556,0.036543,0.030045,0.030335,0.031146,0.031673,0.038678,0.044587,0.031017,0.031985,0.030165,0.046364,0.1119,0.080306,0.030742,0.034524,0.025414,0.059525,0.025339,-0.34411,0.033309,0.034593,0.033241,0.045114,0.099455,0.040531,0.02666,0.025463,0.023813,0.015574,0.042553,0.10048,0.028087,0.029189,0.025519,0.0232,0.023763,0.030598,0.028427,0.028321,0.027526,0.025037,0.028288,0.038995}, 
{-0.069447,-0.0017166,0.020381,0.028453,0.025137,0.024443,-0.37114,-0.083003,0.0042112,0.013642,0.018852,0.017927,2.198,-0.27767,-0.032989,-0.020591,0.0016476,0.0018663,-0.37114,-0.079706,0.0034873,0.014429,0.020896,0.018931,-0.047866,0.0061448,0.021985,0.028871,0.02602,0.026183,-0.034086,0.017261,0.027459,0.025421,0.026081,0.026118,0.084712,0.062368,0.036167,0.035236,0.032094,0.032831,-0.037434,0.085547,0.060051,0.041871,0.040774,0.037961,-0.48014,-0.018754,0.062546,0.030246,0.037249,0.032181,-0.040875,0.084666,0.057762,0.040965,0.039227,0.035859,0.092773,0.060093,0.03381,0.035016,0.030712,0.03166,0.039203,0.041714,0.034398,0.031954,0.0314,0.03034,0.09294,0.042921,0.014654,0.021998,0.023834,0.025976,0.039196,0.097814,0.046457,0.031356,0.034461,0.034166,-0.33899,0.027255,0.059829,0.025758,0.034498,0.03117,0.035931,0.098146,0.045131,0.031637,0.033538,0.031608,0.10083,0.043107,0.015763,0.024804,0.025153,0.026713,0.033097,0.025526,0.023292,0.026336,0.02812,0.027572}, 
{0.0054959,-0.019341,0.006352,0.022982,0.029551,0.026747,-0.076985,-0.28701,-0.080433,0.006993,0.014114,0.019773,-0.27767,2.3481,-0.27386,-0.021785,-0.019044,0.0014053,-0.080975,-0.28531,-0.07752,0.0092423,0.014475,0.019768,0.007956,-0.0098503,0.0089758,0.021654,0.02855,0.02582,0.021515,-0.0062051,0.018553,0.029365,0.027434,0.026765,0.058767,0.068806,0.056098,0.034661,0.03461,0.031876,0.087418,-0.042636,0.07109,0.059206,0.040067,0.040341,-0.01999,-0.43821,-0.037456,0.067148,0.028491,0.03678,0.082127,-0.045033,0.069856,0.058195,0.039624,0.039694,0.060125,0.073325,0.055305,0.032051,0.033562,0.031847,0.041889,0.029437,0.036577,0.033655,0.031534,0.031126,0.036221,0.063784,0.041719,0.014531,0.02017,0.021966,0.099388,0.0081249,0.0882,0.048224,0.031209,0.034861,0.027145,-0.33173,0.011769,0.06665,0.025025,0.034744,0.09612,0.0068394,0.087938,0.047905,0.030271,0.032966,0.043132,0.072386,0.045883,0.017042,0.02359,0.025327,0.024643,0.022334,0.027748,0.024869,0.026599,0.027143}, 
{0.025327,0.00853,-0.014218,0.0090116,0.024077,0.029047,0.0048908,-0.077542,-0.27907,-0.077431,0.0080608,0.014717,-0.032989,-0.27386,2.3628,-0.27424,-0.02137,-0.020185,0.0035194,-0.07907,-0.2789,-0.076795,0.009515,0.014356,0.023451,0.0099992,-0.0079329,0.010866,0.02306,0.029047,0.030055,0.019164,-0.0042793,0.020674,0.029929,0.027969,0.034326,0.054481,0.066939,0.053237,0.032161,0.033407,0.059553,0.072673,-0.04209,0.069677,0.058541,0.042222,0.062484,-0.036369,-0.43251,-0.041593,0.06719,0.030585,0.057375,0.069406,-0.044525,0.068267,0.057789,0.040723,0.033996,0.05588,0.072619,0.055141,0.031243,0.033414,0.033487,0.03731,0.029018,0.037367,0.033137,0.031098,0.0116,0.039219,0.064147,0.041474,0.015403,0.021095,0.045161,0.087769,0.0082393,0.087538,0.048754,0.032468,0.060631,0.011502,-0.328,0.0070353,0.067091,0.026232,0.04617,0.087253,0.0071467,0.086156,0.048075,0.031635,0.016259,0.045805,0.072303,0.044407,0.016473,0.024058,0.02162,0.02775,0.023131,0.027503,0.024569,0.026797}, 
{0.030255,0.025138,0.0081097,-0.014823,0.0084947,0.025152,0.013625,0.0093401,-0.077181,-0.27813,-0.076478,0.004996,-0.020591,-0.021785,-0.27424,2.3614,-0.27365,-0.03237,0.014464,0.0080289,-0.078283,-0.27911,-0.077403,0.0054085,0.028165,0.022763,0.010414,-0.0067101,0.011761,0.023525,0.026062,0.029145,0.01877,-0.0047183,0.020077,0.030079,0.034461,0.032733,0.052476,0.065375,0.053314,0.033826,0.041951,0.059237,0.069121,-0.042448,0.071933,0.058812,0.030965,0.067571,-0.040721,-0.43239,-0.036795,0.062604,0.041706,0.057242,0.067964,-0.043136,0.069605,0.057331,0.0339,0.031647,0.055431,0.072728,0.055559,0.032698,0.032098,0.033602,0.037556,0.029035,0.037377,0.034264,0.021208,0.014806,0.040415,0.064106,0.040909,0.012127,0.03088,0.048562,0.087084,0.0095434,0.088816,0.044799,0.025443,0.066623,0.0078127,-0.32647,0.011797,0.059322,0.032467,0.047718,0.084974,0.0082295,0.087548,0.045143,0.024247,0.017536,0.044813,0.071304,0.045021,0.015231,0.027138,0.024951,0.028226,0.022314,0.026918,0.022324}, 
{0.02739,0.029573,0.023069,0.0073264,-0.017552,0.0055867,0.020622,0.013717,0.00855,-0.079353,-0.288,-0.07793,0.0016476,-0.019044,-0.02137,-0.27365,2.3461,-0.278,0.020033,0.014123,0.0092208,-0.078286,-0.28858,-0.080056,0.026352,0.028286,0.02197,0.010528,-0.010007,0.0069609,0.027567,0.026327,0.02826,0.018895,-0.0071361,0.021692,0.031366,0.03408,0.03252,0.054253,0.068535,0.058955,0.04072,0.040222,0.059052,0.070449,-0.0429,0.087761,0.037565,0.02917,0.067108,-0.036604,-0.4369,-0.019291,0.03949,0.038667,0.057923,0.069933,-0.0453,0.084434,0.031172,0.032875,0.031392,0.055536,0.073579,0.059611,0.031917,0.031605,0.033923,0.038412,0.029477,0.042835,0.022395,0.021838,0.015162,0.041607,0.063813,0.035316,0.033542,0.030664,0.049182,0.088478,0.00816,0.098849,0.033721,0.024894,0.066414,0.01218,-0.33064,0.026806,0.033299,0.030408,0.047603,0.087483,0.0064724,0.097716,0.024338,0.02432,0.016941,0.045504,0.072316,0.041901,0.027824,0.026524,0.024158,0.027801,0.021548,0.025351}, 
{0.025454,0.024787,0.026524,0.02093,-0.00039505,-0.069615,0.019616,0.019765,0.01425,0.0039275,-0.083279,-0.37398,0.0018663,0.0014053,-0.020185,-0.03237,-0.278,2.1971,0.019303,0.020624,0.013764,0.0042288,-0.081963,-0.37119,0.026364,0.026448,0.028085,0.022512,0.0074525,-0.04737,0.025546,0.025749,0.025579,0.026554,0.016244,-0.033553,0.032201,0.031741,0.034407,0.03488,0.062035,0.085829,0.0389,0.040502,0.043118,0.060528,0.086539,-0.037538,0.032621,0.037154,0.030919,0.062898,-0.018105,-0.48075,0.036286,0.039895,0.040538,0.057543,0.082524,-0.039932,0.031617,0.030996,0.033522,0.033641,0.060505,0.092751,0.03054,0.031271,0.032633,0.035104,0.042494,0.040282,0.025334,0.024512,0.022876,0.013798,0.04241,0.093345,0.033384,0.033665,0.033124,0.046272,0.099267,0.039012,0.030127,0.033495,0.026026,0.060237,0.02806,-0.33959,0.031787,0.033672,0.031469,0.045647,0.096774,0.036729,0.026626,0.025338,0.023557,0.016653,0.043912,0.099037,0.02819,0.028309,0.026342,0.022498,0.025412,0.032732}, 
{-0.035489,0.015911,0.027474,0.025121,0.024687,0.02495,-0.04772,0.0066946,0.02265,0.02802,0.026678,0.026068,-0.37114,-0.080975,0.0035194,0.014464,0.020033,0.019303,2.1974,-0.27789,-0.033003,-0.019564,0.00082504,0.0019807,-0.37069,-0.082575,0.0026884,0.013789,0.020105,0.01927,-0.06341,-0.00039326,0.019032,0.025962,0.025671,0.025103,0.038558,0.042334,0.035038,0.032603,0.031727,0.031575,0.091101,0.060166,0.033431,0.034057,0.031819,0.031929,-0.043347,0.082767,0.057821,0.041433,0.038723,0.037629,-0.48116,-0.019457,0.062547,0.030644,0.036051,0.032827,-0.034104,0.087366,0.05987,0.042277,0.039904,0.0373,0.085736,0.061425,0.036191,0.035134,0.033121,0.032841,0.033781,0.02676,0.02364,0.027551,0.028414,0.028559,0.10036,0.043359,0.016526,0.024833,0.024776,0.025689,0.033819,0.095903,0.046074,0.032761,0.032944,0.032352,-0.34043,0.02643,0.060794,0.027248,0.033561,0.030851,0.041444,0.099685,0.046815,0.033056,0.033441,0.032056,0.090495,0.040855,0.014007,0.021894,0.024551,0.02499}, 
{0.021603,-0.007621,0.018146,0.027918,0.02716,0.027054,0.0072907,-0.01032,0.011248,0.022676,0.028374,0.025744,-0.079706,-0.28531,-0.07907,0.0080289,0.014123,0.020624,-0.27789,2.3469,-0.27513,-0.022207,-0.018078,0.0021032,-0.078579,-0.28606,-0.079488,0.0081723,0.014109,0.020442,0.0064499,-0.017405,0.0064713,0.023778,0.028844,0.02792,0.042988,0.02926,0.037474,0.03364,0.03233,0.03151,0.059088,0.072314,0.056524,0.032078,0.032531,0.030432,0.082702,-0.04648,0.0681,0.058082,0.038919,0.040188,-0.020152,-0.43841,-0.038431,0.066759,0.029054,0.037241,0.088409,-0.039593,0.072547,0.058698,0.040545,0.039593,0.059175,0.068859,0.055039,0.032748,0.033101,0.031572,0.025515,0.022235,0.02758,0.024076,0.026633,0.028489,0.042483,0.071755,0.047019,0.018344,0.023189,0.024549,0.096383,0.005366,0.086911,0.049512,0.029692,0.033633,0.025407,-0.33263,0.010997,0.06706,0.024459,0.034157,0.099757,0.010132,0.089942,0.048703,0.031264,0.033215,0.035982,0.062411,0.041562,0.015101,0.021298,0.023299}, 
{0.029926,0.018713,-0.0042666,0.018735,0.029702,0.027563,0.022938,0.0098554,-0.0067802,0.012254,0.022841,0.028269,0.0034873,-0.07752,-0.2789,-0.078283,0.0092208,0.013764,-0.033003,-0.27513,2.3615,-0.27473,-0.020546,-0.019306,0.0035269,-0.07795,-0.27801,-0.077228,0.0099533,0.0151,0.025628,0.0089002,-0.01243,0.0095684,0.024487,0.029403,0.036073,0.037155,0.028844,0.036511,0.033477,0.032018,0.034009,0.054721,0.071885,0.055852,0.031264,0.033799,0.057571,0.069711,-0.045998,0.067135,0.058063,0.041115,0.062774,-0.037793,-0.43259,-0.041182,0.066036,0.029563,0.058797,0.072901,-0.040059,0.070388,0.058512,0.041382,0.033524,0.05407,0.067647,0.053259,0.032834,0.034335,0.023476,0.026957,0.023671,0.027325,0.024728,0.02689,0.015872,0.044436,0.071845,0.045316,0.016791,0.024075,0.045344,0.088071,0.0058225,0.084689,0.048465,0.03261,0.060657,0.010757,-0.32752,0.0076748,0.065594,0.02578,0.045692,0.08941,0.011127,0.088202,0.048054,0.031541,0.011631,0.038925,0.063639,0.039988,0.014573,0.021301}, 
{0.02759,0.028335,0.019186,-0.0055301,0.01904,0.030325,0.02846,0.022792,0.011029,-0.0064181,0.012013,0.023527,0.014429,0.0092423,-0.076795,-0.27911,-0.078286,0.0042288,-0.019564,-0.022207,-0.27473,2.3607,-0.27487,-0.031536,0.012931,0.0087538,-0.078537,-0.27695,-0.076563,0.004535,0.028762,0.025877,0.0096776,-0.013151,0.0091914,0.025096,0.032348,0.032936,0.037435,0.028193,0.037324,0.034296,0.033921,0.03161,0.054366,0.07161,0.055934,0.032743,0.041741,0.058265,0.06778,-0.045271,0.069255,0.057126,0.030971,0.066344,-0.041045,-0.43309,-0.037976,0.061811,0.041243,0.058548,0.069544,-0.039439,0.072889,0.057624,0.033965,0.032596,0.053771,0.067459,0.054011,0.034497,0.027433,0.024992,0.028559,0.023346,0.028202,0.022773,0.023098,0.017013,0.044031,0.071587,0.045769,0.015427,0.032261,0.047735,0.085312,0.0055339,0.087184,0.045241,0.027592,0.066689,0.0080885,-0.32836,0.011085,0.060294,0.032262,0.048237,0.087417,0.010914,0.089756,0.045023,0.021089,0.014324,0.040375,0.063761,0.039195,0.012225}, 
{0.026724,0.026768,0.028272,0.019487,-0.0069508,0.022046,0.026719,0.027576,0.022109,0.010623,-0.010853,0.0081417,0.020896,0.014475,0.009515,-0.077403,-0.28858,-0.081963,0.00082504,-0.018078,-0.020546,-0.27487,2.3455,-0.27791,0.02035,0.014062,0.0071696,-0.079965,-0.28709,-0.07843,0.02775,0.028437,0.023369,0.0074811,-0.015642,0.0061671,0.031254,0.031725,0.034124,0.0379,0.028863,0.042591,0.031368,0.032997,0.032173,0.055408,0.072403,0.059574,0.040055,0.039093,0.057056,0.068968,-0.046673,0.081708,0.036638,0.028634,0.066011,-0.039146,-0.43656,-0.018565,0.040588,0.04064,0.058526,0.071745,-0.03985,0.088449,0.032276,0.033284,0.03359,0.055521,0.069526,0.058708,0.02812,0.027387,0.0248,0.027946,0.021784,0.025856,0.0246,0.0243,0.018012,0.045735,0.07196,0.043091,0.033558,0.030756,0.047816,0.087836,0.0053274,0.095945,0.032938,0.024818,0.066211,0.010516,-0.33045,0.027912,0.032866,0.031447,0.048162,0.088591,0.0098874,0.099622,0.022467,0.021182,0.015684,0.041511,0.062713,0.034585}, 
{0.025394,0.025465,0.025827,0.028092,0.015346,-0.036969,0.025136,0.025029,0.027651,0.02327,0.0062288,-0.048732,0.018931,0.019768,0.014356,0.0054085,-0.080056,-0.37119,0.0019807,0.0021032,-0.019306,-0.031536,-0.27791,2.1953,0.019414,0.019803,0.014321,0.0030231,-0.083805,-0.37141,0.025796,0.024448,0.027376,0.020191,-0.00055873,-0.065886,0.031364,0.031361,0.032437,0.034999,0.041886,0.038993,0.032955,0.032516,0.035079,0.034457,0.060547,0.091737,0.036295,0.039732,0.041315,0.057053,0.083644,-0.042604,0.032009,0.037143,0.029697,0.06145,-0.019116,-0.48199,0.037271,0.040271,0.042144,0.058785,0.086675,-0.033196,0.032878,0.03236,0.035716,0.036254,0.062847,0.085712,0.028633,0.028321,0.026858,0.023012,0.026201,0.034734,0.02764,0.025503,0.024567,0.01662,0.043656,0.10092,0.031975,0.033209,0.032118,0.044867,0.096615,0.034698,0.030327,0.034561,0.025791,0.059814,0.027402,-0.3406,0.031587,0.032944,0.031703,0.045227,0.098494,0.042627,0.025063,0.023384,0.022079,0.014475,0.042544,0.091734}, 
{-0.0026938,0.021731,0.024678,0.02449,0.024911,0.025825,-0.031671,0.018081,0.028435,0.026645,0.026076,0.026441,-0.047866,0.007956,0.023451,0.028165,0.026352,0.026364,-0.37069,-0.078579,0.0035269,0.012931,0.02035,0.019414,2.1638,-0.28935,-0.035292,-0.022985,4.4783e-05,0.00036718,-0.37767,-0.096793,-0.004712,0.0099633,0.016212,0.018163,0.044472,0.038812,0.032543,0.032583,0.030364,0.030176,0.035191,0.038306,0.033006,0.031762,0.029897,0.030373,0.090747,0.060188,0.033738,0.033381,0.030891,0.031866,-0.035537,0.087454,0.058607,0.041562,0.040557,0.037127,-0.49219,-0.019353,0.064723,0.030826,0.038352,0.032571,0.0041285,0.10238,0.067347,0.048282,0.04476,0.042357,0.038612,0.028924,0.026072,0.029031,0.029321,0.028639,0.030031,0.023426,0.022445,0.027456,0.028616,0.028181,0.098942,0.043844,0.016969,0.023789,0.025574,0.026827,0.040757,0.099766,0.04531,0.031736,0.034035,0.031554,-0.34855,0.025525,0.059565,0.024732,0.034061,0.029177,0.082382,0.11084,0.044875,0.029602,0.031217,0.03064}, 
{0.025,0.015232,0.023121,0.025773,0.025537,0.026702,0.018633,-0.0086427,0.016939,0.028845,0.026778,0.027297,0.0061448,-0.0098503,0.0099992,0.022763,0.028286,0.026448,-0.082575,-0.28606,-0.07795,0.0087538,0.014062,0.019803,-0.28935,2.3246,-0.28463,-0.023983,-0.020822,-0.00095427,-0.07508,-0.28269,-0.07948,0.0057711,0.013764,0.020528,0.038996,0.03765,0.035948,0.031426,0.031064,0.031041,0.039092,0.02621,0.034926,0.032636,0.030252,0.030851,0.059823,0.072466,0.054635,0.031565,0.032623,0.031387,0.085824,-0.041884,0.071695,0.058443,0.040249,0.04066,-0.020195,-0.44693,-0.038766,0.067797,0.029819,0.037658,0.10927,-0.015206,0.087594,0.063462,0.044235,0.04408,0.027748,0.032376,0.030906,0.026738,0.0277,0.028079,0.023899,0.02042,0.02738,0.026008,0.026687,0.027417,0.044089,0.072767,0.04518,0.018336,0.024283,0.025094,0.099537,0.0098447,0.088647,0.047905,0.030603,0.032987,0.025557,-0.33963,0.010176,0.066019,0.024386,0.033359,0.11233,0.028153,0.096986,0.043792,0.027043,0.030407}, 
{0.026247,0.025169,0.016898,0.02515,0.025919,0.0266,0.029624,0.017988,-0.0051486,0.018189,0.029242,0.026881,0.021985,0.0089758,-0.0079329,0.010414,0.02197,0.028085,0.0026884,-0.079488,-0.27801,-0.078537,0.0071696,0.014321,-0.035292,-0.28463,2.3418,-0.28402,-0.024293,-0.021784,0.0030305,-0.075013,-0.27234,-0.075051,0.0079713,0.016661,0.031456,0.035907,0.034893,0.035801,0.030361,0.031746,0.034217,0.034416,0.026083,0.035045,0.032624,0.030977,0.034583,0.055338,0.072095,0.055319,0.03186,0.034502,0.059966,0.072049,-0.041441,0.069122,0.056933,0.042117,0.064438,-0.038906,-0.44158,-0.04229,0.067844,0.030585,0.062804,0.088261,-0.015733,0.086037,0.062999,0.047358,0.025053,0.030773,0.032199,0.030687,0.025657,0.029299,0.022942,0.026237,0.021586,0.026665,0.023998,0.026385,0.01569,0.045597,0.072574,0.046729,0.018618,0.024894,0.045525,0.089442,0.0096313,0.087168,0.047594,0.031765,0.060091,0.010483,-0.33509,0.0067358,0.066554,0.024571,0.039539,0.097597,0.028915,0.095914,0.043589,0.027482}, 
{0.025865,0.025801,0.024704,0.016702,0.024151,0.027133,0.026804,0.02818,0.019186,-0.0055273,0.018846,0.029774,0.028871,0.021654,0.010866,-0.0067101,0.010528,0.022512,0.013789,0.0081723,-0.077228,-0.27695,-0.079965,0.0030231,-0.022985,-0.023983,-0.28402,2.3403,-0.28623,-0.034846,0.015837,0.0088326,-0.076504,-0.27317,-0.075076,0.0038856,0.031492,0.030005,0.035744,0.036664,0.035334,0.031227,0.031468,0.032133,0.035428,0.026134,0.035443,0.033075,0.035515,0.031805,0.054772,0.071896,0.055469,0.033772,0.042894,0.058869,0.069769,-0.041243,0.070383,0.058692,0.030758,0.067641,-0.042613,-0.44123,-0.039478,0.064232,0.04601,0.062633,0.083929,-0.015211,0.089346,0.064055,0.029141,0.026054,0.029988,0.033125,0.030276,0.024696,0.027187,0.024981,0.026391,0.020398,0.0268,0.022457,0.025305,0.017787,0.044635,0.071085,0.04571,0.016069,0.03186,0.047833,0.087759,0.0098167,0.088392,0.046591,0.024077,0.065728,0.0072711,-0.33433,0.0097865,0.060259,0.028273,0.044053,0.095299,0.031074,0.098616,0.038743}, 
{0.026506,0.025881,0.025306,0.023716,0.01557,0.025416,0.025248,0.02622,0.029227,0.018496,-0.0074436,0.018909,0.02602,0.02855,0.02306,0.011761,-0.010007,0.0074525,0.020105,0.014109,0.0099533,-0.076563,-0.28709,-0.083805,4.4783e-05,-0.020822,-0.024293,-0.28623,2.3215,-0.2923,0.02152,0.014634,0.0049991,-0.081328,-0.28242,-0.07435,0.031382,0.030715,0.030806,0.035566,0.036385,0.038399,0.030183,0.03087,0.033048,0.034438,0.026182,0.038662,0.031781,0.033281,0.03097,0.055143,0.07215,0.060034,0.040386,0.04026,0.0595,0.072696,-0.041284,0.086271,0.037155,0.029628,0.0682,-0.03891,-0.4452,-0.018802,0.043687,0.044233,0.063278,0.086891,-0.014185,0.10911,0.02884,0.028431,0.026342,0.030679,0.032632,0.028472,0.028105,0.027771,0.025871,0.026345,0.020983,0.023825,0.025747,0.02431,0.0163,0.044595,0.070687,0.043323,0.033188,0.029844,0.047605,0.089412,0.009247,0.099056,0.032793,0.02409,0.066597,0.0097911,-0.33841,0.0267,0.029278,0.026469,0.044616,0.097008,0.029052,0.11226}, 
{0.025026,0.025204,0.025169,0.024606,0.022099,-0.0039429,0.025798,0.026231,0.027554,0.029002,0.018723,-0.032805,0.026183,0.02582,0.029047,0.023525,0.0069609,-0.04737,0.01927,0.020442,0.0151,0.004535,-0.07843,-0.37141,0.00036718,-0.00095427,-0.021784,-0.034846,-0.2923,2.16,0.017222,0.016316,0.010683,-0.0032166,-0.097838,-0.37592,0.030799,0.031846,0.031755,0.031241,0.03893,0.043676,0.030953,0.031412,0.031143,0.032702,0.038627,0.035418,0.032003,0.031103,0.033796,0.033033,0.058668,0.09181,0.037353,0.040783,0.042524,0.058408,0.088695,-0.034283,0.032784,0.037883,0.031059,0.063881,-0.019228,-0.49279,0.042667,0.04466,0.047006,0.067075,0.10145,0.0046821,0.028125,0.028757,0.0284,0.025435,0.030199,0.040245,0.028372,0.027707,0.02648,0.02344,0.024006,0.030807,0.026447,0.024373,0.023758,0.016195,0.042565,0.099908,0.032368,0.034329,0.032519,0.045285,0.1004,0.041385,0.029278,0.033253,0.024949,0.05979,0.025878,-0.35024,0.030597,0.03151,0.02884,0.045059,0.11043,0.083835}, 
{-0.004025,0.021727,0.023329,0.023597,0.024119,0.022562,-0.0017796,0.026484,0.025806,0.024929,0.026036,0.025783,-0.034086,0.021515,0.030055,0.026062,0.027567,0.025546,-0.06341,0.0064499,0.025628,0.028762,0.02775,0.025796,-0.37767,-0.07508,0.0030305,0.015837,0.02152,0.017222,1.9132,-0.3927,-0.092469,-0.059555,-0.027418,-0.027339,0.035632,0.036705,0.032849,0.032246,0.03037,0.029295,0.044229,0.03863,0.031259,0.031502,0.030593,0.030788,0.037053,0.040348,0.033886,0.031539,0.031727,0.030038,0.084937,0.057428,0.034746,0.034524,0.032186,0.032225,-0.00025804,0.10728,0.063683,0.047393,0.044639,0.041624,-0.56739,0.003473,0.086544,0.046465,0.050562,0.042714,0.033115,0.029262,0.026917,0.029162,0.028554,0.028701,0.039765,0.028187,0.024919,0.029267,0.02946,0.030305,0.033391,0.025199,0.023595,0.027128,0.028752,0.02798,0.092363,0.035884,0.012917,0.021695,0.023159,0.02545,0.080955,0.11107,0.038739,0.02764,0.029763,0.030728,-0.35417,0.08464,0.093444,0.042289,0.045489,0.040351}, 
{0.022144,0.013911,0.023755,0.025222,0.025658,0.025304,0.022001,0.015908,0.0241,0.024987,0.025047,0.025691,0.017261,-0.0062051,0.019164,0.029145,0.026327,0.025749,-0.00039326,-0.017405,0.0089002,0.025877,0.028437,0.024448,-0.096793,-0.28269,-0.075013,0.0088326,0.014634,0.016316,-0.3927,2.1534,-0.37521,-0.067437,-0.052747,-0.028346,0.03577,0.030243,0.03402,0.030509,0.03144,0.031756,0.037062,0.036989,0.036293,0.03014,0.031168,0.031531,0.04114,0.029146,0.037187,0.033129,0.031385,0.032168,0.060922,0.068089,0.053585,0.033429,0.0336,0.032878,0.09976,-0.017729,0.086829,0.063158,0.043406,0.04462,0.0034377,-0.49059,-0.028462,0.090831,0.043769,0.051309,0.029946,0.026945,0.029908,0.027208,0.028377,0.027717,0.028723,0.033039,0.031434,0.026095,0.028687,0.028981,0.026173,0.022134,0.027802,0.024556,0.026811,0.028193,0.041625,0.062953,0.039956,0.014757,0.020899,0.024008,0.1108,0.028696,0.097231,0.04371,0.025637,0.031401,0.084479,-0.34521,0.046195,0.09712,0.038134,0.045934}, 
{0.02481,0.023879,0.016578,0.02433,0.025992,0.025752,0.023895,0.025382,0.017458,0.023089,0.024157,0.024638,0.027459,0.018553,-0.0042793,0.01877,0.02826,0.025579,0.019032,0.0064713,-0.01243,0.0096776,0.023369,0.027376,-0.004712,-0.07948,-0.27234,-0.076504,0.0049991,0.010683,-0.092469,-0.37521,2.1818,-0.36917,-0.067323,-0.059454,0.030858,0.032439,0.02931,0.032636,0.031125,0.031896,0.030963,0.036067,0.036087,0.035281,0.031081,0.032071,0.035595,0.036481,0.028292,0.036566,0.033649,0.032778,0.036467,0.054269,0.066854,0.053746,0.033636,0.036179,0.067349,0.08636,-0.019664,0.082943,0.063058,0.048264,0.086316,-0.028093,-0.48604,-0.033394,0.090914,0.0471,0.027811,0.029568,0.02775,0.029749,0.027696,0.028263,0.025268,0.030812,0.033009,0.030705,0.026276,0.028515,0.02469,0.027146,0.022826,0.028009,0.02487,0.027127,0.015056,0.040685,0.063902,0.040839,0.01511,0.022151,0.046286,0.097809,0.028129,0.09484,0.044321,0.029406,0.094253,0.045841,-0.34282,0.04003,0.096823,0.041435}, 
{0.024793,0.025206,0.024386,0.016678,0.023278,0.023883,0.024552,0.026395,0.024741,0.016663,0.024349,0.023501,0.025421,0.029365,0.020674,-0.0047183,0.018895,0.026554,0.025962,0.023778,0.0095684,-0.013151,0.0074811,0.020191,0.0099633,0.0057711,-0.075051,-0.27317,-0.081328,-0.0032166,-0.059555,-0.067437,-0.36917,2.1807,-0.37486,-0.090169,0.031402,0.029677,0.032,0.030151,0.033326,0.031621,0.031513,0.030425,0.03396,0.035199,0.037102,0.032705,0.033017,0.032862,0.036097,0.027911,0.038735,0.03592,0.035909,0.033146,0.051822,0.06725,0.055501,0.035566,0.048145,0.06347,0.083507,-0.018035,0.085127,0.066253,0.046038,0.09099,-0.032951,-0.48648,-0.028363,0.086521,0.028968,0.028155,0.030412,0.028913,0.029313,0.026389,0.028246,0.027345,0.030546,0.031963,0.031142,0.025326,0.027196,0.025008,0.028186,0.021471,0.028285,0.023666,0.022533,0.014733,0.039399,0.06398,0.041793,0.014843,0.030443,0.044079,0.095286,0.030159,0.096575,0.045366,0.042011,0.097984,0.039986,-0.34391,0.04475,0.093731}, 
{0.025873,0.024712,0.025008,0.022488,0.014207,0.021579,0.025433,0.025632,0.025136,0.024958,0.015407,0.022247,0.026081,0.027434,0.029929,0.020077,-0.0071361,0.016244,0.025671,0.028844,0.024487,0.0091914,-0.015642,-0.00055873,0.016212,0.013764,0.0079713,-0.075076,-0.28242,-0.097838,-0.027418,-0.052747,-0.067323,-0.37486,2.1527,-0.39194,0.031453,0.030912,0.030883,0.033056,0.031705,0.035741,0.029364,0.030284,0.029695,0.035414,0.036347,0.039558,0.030274,0.030915,0.0331,0.036828,0.028174,0.042903,0.033205,0.034122,0.032892,0.053643,0.068924,0.06268,0.044463,0.044363,0.063677,0.087148,-0.017673,0.099337,0.051056,0.044011,0.091356,-0.028171,-0.49082,0.00056225,0.029037,0.029267,0.028103,0.030081,0.029227,0.028342,0.028159,0.029286,0.026059,0.030668,0.031686,0.028593,0.027906,0.027669,0.025367,0.028118,0.020347,0.02589,0.024871,0.021978,0.014848,0.039095,0.06283,0.042386,0.031427,0.026433,0.043983,0.097048,0.02826,0.11099,0.044861,0.037721,0.096671,0.0459,-0.34404,0.083546}, 
{0.0224,0.024293,0.024463,0.023728,0.020316,-0.004502,0.026013,0.025269,0.026199,0.026097,0.023704,-0.0025853,0.026118,0.026765,0.027969,0.030079,0.021692,-0.033553,0.025103,0.02792,0.029403,0.025096,0.0061671,-0.065886,0.018163,0.020528,0.016661,0.0038856,-0.07435,-0.37592,-0.027339,-0.028346,-0.059454,-0.090169,-0.39194,1.9118,0.029762,0.031946,0.031262,0.032406,0.035733,0.035189,0.030707,0.030166,0.030687,0.031544,0.037592,0.044529,0.031118,0.030909,0.031492,0.033945,0.041884,0.038475,0.032382,0.032832,0.034603,0.034232,0.057841,0.083616,0.041412,0.043769,0.04747,0.063793,0.10755,0.0010836,0.042944,0.051247,0.046402,0.086632,0.0016246,-0.56895,0.028255,0.029618,0.029155,0.027833,0.030468,0.034321,0.028289,0.028554,0.028607,0.024881,0.028431,0.040329,0.02782,0.027858,0.027111,0.022667,0.025532,0.03403,0.025388,0.024373,0.022422,0.012282,0.03536,0.090716,0.031017,0.030384,0.028597,0.039331,0.11175,0.083061,0.039475,0.045785,0.041601,0.093128,0.083584,-0.35539}, 
{-0.56418,-0.0022627,0.08579,0.046307,0.051507,0.042598,-0.0013314,0.10656,0.063677,0.047731,0.044714,0.042447,0.084712,0.058767,0.034326,0.034461,0.031366,0.032201,0.038558,0.042988,0.036073,0.032348,0.031254,0.031364,0.044472,0.038996,0.031456,0.031492,0.031382,0.030799,0.035632,0.03577,0.030858,0.031402,0.031453,0.029762,2.1331,-0.30551,-0.078346,-0.061897,-0.032233,-0.031456,-0.2976,-0.068259,-0.019562,-0.0029429,0.0064457,0.0052951,-0.06174,-0.018235,0.00023376,0.015146,0.016535,0.015833,-0.043631,0.002881,0.017531,0.020969,0.022123,0.021172,-0.010185,0.012228,0.017545,0.021248,0.022738,0.021898,-0.0080255,0.013095,0.018589,0.021714,0.02242,0.020457,-0.56283,-0.0060925,0.082599,0.045194,0.050346,0.043082,-0.0047992,0.10528,0.06413,0.04946,0.045859,0.043754,0.082646,0.05924,0.036241,0.037592,0.034101,0.03505,0.038827,0.044382,0.036737,0.032709,0.032158,0.032963,0.046503,0.041137,0.031834,0.03108,0.031658,0.031871,0.038733,0.038433,0.032595,0.031861,0.03203,0.030875}, 
{3.4391e-05,-0.48655,-0.029602,0.091389,0.043326,0.051633,0.099484,-0.020038,0.087401,0.063597,0.044442,0.044624,0.062368,0.068806,0.054481,0.032733,0.03408,0.031741,0.042334,0.02926,0.037155,0.032936,0.031725,0.031361,0.038812,0.03765,0.035907,0.030005,0.030715,0.031846,0.036705,0.030243,0.032439,0.029677,0.030912,0.031946,-0.30551,2.2999,-0.29684,-0.056344,-0.057218,-0.031372,-0.086591,-0.24179,-0.06335,-0.010817,-0.0032607,0.0036991,-0.023085,-0.025212,-0.0068199,0.0048541,0.015401,0.013946,-0.0026986,-0.016759,0.0076649,0.019233,0.021169,0.019722,0.0096125,0.0093826,0.018138,0.020558,0.021615,0.021266,0.014121,0.009449,0.019376,0.022158,0.023141,0.02234,-0.0039754,-0.48341,-0.033804,0.086355,0.0419,0.051211,0.099392,-0.019276,0.086112,0.063318,0.045061,0.046007,0.064565,0.068223,0.054177,0.034416,0.036357,0.035007,0.044907,0.029893,0.037167,0.034684,0.034146,0.033374,0.041153,0.038047,0.03658,0.031506,0.031418,0.031391,0.038645,0.032144,0.03517,0.031923,0.03217,0.031626}, 
