/*******************************************************************************
* The MASH Framework contains the source code of all the servers in the
* "computation farm" of the MASH project (http://www.mash-project.eu),
* developed at the Idiap Research Institute (http://www.idiap.ch).
*
* Copyright (c) 2016 Idiap Research Institute, http://www.idiap.ch/
* Written by Leonidas Lefakis (leonidas.lefakis@idiap.ch)
*
* This file is part of the MASH Framework.
*
* The MASH Framework is free software: you can redistribute it and/or modify
* it under the terms of either the GNU General Public License version 2 or
* the GNU General Public License version 3 as published by the Free
* Software Foundation, whichever suits the most your needs.
*
* The MASH Framework is distributed in the hope that it will be useful,
* but WITHOUT ANY WARRANTY; without even the implied warranty of
* MERCHANTABILITY or FITNESS FOR A PARTICULAR PURPOSE. See the
* GNU General Public License for more details.
*
* You should have received a copy of the GNU General Public Licenses
* along with the MASH Framework. If not, see <http://www.gnu.org/licenses/>.
*******************************************************************************/


/** Author: Leonidas Lefakis (leonidas.lefakis@idiap.ch)
 *
 * TODO: Write a description of your heuristic
 */

#include <mash/heuristic.h>
#include <cmath>
#include <stdio.h>
#include <stdlib.h>

using namespace Mash;


//------------------------------------------------------------------------------
// Declaration of the heuristic class
//------------------------------------------------------------------------------
class scratches: public Heuristic {
    
public:
    
    
    virtual unsigned int dim();
    
    virtual void prepareForCoordinates();
    
    virtual scalar_t computeFeature(unsigned int feature_index);
    
    
    //_____ Attributes __________
protected:
    float fhn;
    float fist_[2048];
    static const float OPM_[256][108];
    static const float P_[108][108];
    static const float M_[108];
    static const float alpha;
};


//------------------------------------------------------------------------------
// Creation function of the heuristic
//------------------------------------------------------------------------------

const float scratches::alpha = 0.2f;

const float scratches::P_[108][108] = {
 {1.924226, -0.394927, -0.095208, -0.063050, -0.031610, -0.031185, -0.380987, -0.075154, 0.003965, 0.017873, 0.021485, 0.017692, -0.068350, 0.005447, 0.026460, 0.029998, 0.027349, 0.025017, -0.036760, 0.020800, 0.029538, 0.027374, 0.027107, 0.025942, -0.003622, 0.023909, 0.025492, 0.026684, 0.026062, 0.026809, -0.005045, 0.022052, 0.023018, 0.025373, 0.026177, 0.023501, -0.563941, 0.000911, 0.087942, 0.047391, 0.050586, 0.042739, 0.000446, 0.110695, 0.065440, 0.048135, 0.044090, 0.041276, 0.086929, 0.058784, 0.033869, 0.033523, 0.032405, 0.031951, 0.040951, 0.042612, 0.033411, 0.031653, 0.031925, 0.030926, 0.046165, 0.039723, 0.031959, 0.031227, 0.029973, 0.030676, 0.035091, 0.035923, 0.029845, 0.029831, 0.029927, 0.027403, -0.354102, 0.081245, 0.094218, 0.043838, 0.049448, 0.044404, 0.081272, 0.113659, 0.039732, 0.027291, 0.029896, 0.031455, 0.092427, 0.035914, 0.011942, 0.020183, 0.023171, 0.024757, 0.033960, 0.025627, 0.022689, 0.026864, 0.028161, 0.027211, 0.039843, 0.028492, 0.025402, 0.028379, 0.028373, 0.028815, 0.032980, 0.029195, 0.025645, 0.027753, 0.029170, 0.027126},
{-0.394927, 2.162142, -0.375212, -0.068994, -0.055287, -0.030323, -0.098874, -0.284794, -0.074350, 0.006347, 0.013944, 0.016710, -0.001335, -0.017582, 0.008859, 0.025192, 0.029287, 0.024683, 0.015513, -0.008013, 0.019211, 0.030081, 0.026102, 0.025525, 0.021898, 0.013498, 0.023703, 0.026821, 0.025433, 0.024950, 0.021812, 0.012864, 0.022785, 0.026837, 0.025953, 0.024414, -0.000335, -0.487486, -0.030095, 0.090979, 0.042815, 0.051153, 0.101415, -0.017106, 0.088257, 0.062277, 0.044267, 0.045497, 0.062963, 0.070023, 0.053212, 0.032829, 0.034806, 0.033224, 0.043048, 0.030585, 0.037567, 0.033488, 0.030996, 0.031805, 0.039878, 0.037734, 0.035925, 0.029647, 0.029773, 0.030750, 0.036134, 0.030851, 0.032800, 0.030688, 0.030501, 0.029631, 0.082067, -0.341869, 0.045111, 0.099825, 0.039802, 0.048439, 0.111710, 0.028909, 0.098917, 0.044247, 0.027408, 0.032371, 0.041482, 0.063445, 0.038349, 0.014252, 0.022378, 0.023235, 0.025775, 0.022963, 0.027752, 0.024254, 0.026307, 0.027623, 0.028442, 0.032836, 0.031081, 0.025625, 0.027724, 0.028545, 0.027970, 0.027709, 0.029437, 0.027360, 0.028078, 0.027347},
{-0.095208, -0.375212, 2.189207, -0.372590, -0.069085, -0.061764, -0.004465, -0.080282, -0.274765, -0.077028, 0.005101, 0.009329, 0.021339, 0.007330, -0.015823, 0.009089, 0.023417, 0.026631, 0.027458, 0.019042, -0.005664, 0.018977, 0.028610, 0.025181, 0.024976, 0.024092, 0.015899, 0.024351, 0.026002, 0.024885, 0.024056, 0.024030, 0.016385, 0.024284, 0.024987, 0.025218, 0.086101, -0.029819, -0.483035, -0.034328, 0.091644, 0.046084, 0.067130, 0.086001, -0.019491, 0.084939, 0.064601, 0.048512, 0.037069, 0.055912, 0.066867, 0.054055, 0.033970, 0.036239, 0.034589, 0.039015, 0.029990, 0.037297, 0.033657, 0.031999, 0.031919, 0.036865, 0.036648, 0.035350, 0.030567, 0.031565, 0.030133, 0.032964, 0.030534, 0.032186, 0.029178, 0.030359, 0.094875, 0.045453, -0.340525, 0.039840, 0.098890, 0.043089, 0.046665, 0.097659, 0.028500, 0.097106, 0.045597, 0.030418, 0.013721, 0.040680, 0.062831, 0.039965, 0.015022, 0.022884, 0.021748, 0.028119, 0.023247, 0.027747, 0.024834, 0.026763, 0.025640, 0.030814, 0.032567, 0.030615, 0.026355, 0.028668, 0.026029, 0.029177, 0.027903, 0.029579, 0.026644, 0.027901},
{-0.063050, -0.068994, -0.372590, 2.187072, -0.376135, -0.093468, 0.010914, 0.005792, -0.078513, -0.275065, -0.080758, -0.002676, 0.027454, 0.024044, 0.008461, -0.014597, 0.006750, 0.020945, 0.025110, 0.028925, 0.019446, -0.005309, 0.018644, 0.027047, 0.023888, 0.026851, 0.025328, 0.016472, 0.023910, 0.024422, 0.024504, 0.026474, 0.024122, 0.015725, 0.023373, 0.024281, 0.045662, 0.092127, -0.034316, -0.481072, -0.029263, 0.084860, 0.047534, 0.062957, 0.083992, -0.017331, 0.086128, 0.067171, 0.035805, 0.033295, 0.054865, 0.068418, 0.054352, 0.036240, 0.032735, 0.033293, 0.037415, 0.029819, 0.038724, 0.035857, 0.031310, 0.031219, 0.035703, 0.036468, 0.036495, 0.031841, 0.029205, 0.030463, 0.031942, 0.029441, 0.032850, 0.030366, 0.044175, 0.099981, 0.039713, -0.339411, 0.045035, 0.094290, 0.030091, 0.044463, 0.095935, 0.029832, 0.097072, 0.047201, 0.021179, 0.013953, 0.040683, 0.064381, 0.039523, 0.013651, 0.026632, 0.024109, 0.027915, 0.023535, 0.027774, 0.022909, 0.028630, 0.026576, 0.030771, 0.033195, 0.030861, 0.024901, 0.027735, 0.026868, 0.029035, 0.028446, 0.029566, 0.025698},
{-0.031610, -0.055287, -0.069085, -0.376135, 2.159710, -0.396036, 0.016999, 0.015189, 0.006958, -0.074546, -0.285381, -0.097901, 0.024986, 0.030393, 0.024539, 0.009081, -0.016428, -0.000231, 0.024904, 0.027480, 0.028810, 0.018932, -0.007310, 0.014859, 0.024481, 0.025909, 0.025891, 0.023885, 0.014891, 0.021456, 0.025636, 0.025936, 0.026796, 0.023152, 0.014698, 0.020642, 0.051185, 0.043709, 0.091247, -0.030018, -0.485460, -0.000289, 0.044654, 0.044055, 0.062651, 0.088751, -0.016453, 0.101866, 0.031928, 0.034050, 0.032222, 0.053982, 0.068845, 0.061517, 0.031868, 0.031599, 0.033508, 0.038166, 0.029196, 0.041190, 0.030809, 0.029899, 0.030453, 0.036502, 0.037495, 0.040250, 0.029770, 0.029085, 0.030154, 0.032541, 0.030945, 0.035850, 0.049477, 0.040118, 0.098789, 0.043696, -0.340722, 0.082001, 0.031952, 0.027468, 0.043734, 0.097938, 0.028934, 0.112659, 0.023507, 0.021663, 0.013411, 0.039463, 0.063389, 0.041682, 0.028337, 0.026666, 0.024158, 0.028244, 0.022299, 0.025868, 0.028888, 0.027508, 0.026208, 0.030818, 0.033052, 0.030261, 0.027982, 0.026878, 0.027460, 0.028951, 0.027222, 0.028334},
{-0.031185, -0.030323, -0.061764, -0.093468, -0.396036, 1.920622, 0.016380, 0.020976, 0.019177, 0.003687, -0.076193, -0.380689, 0.023901, 0.027041, 0.031137, 0.025124, 0.005399, -0.067851, 0.025259, 0.027518, 0.028564, 0.029664, 0.020718, -0.035578, 0.025365, 0.025913, 0.026774, 0.025385, 0.024197, -0.004049, 0.023475, 0.025640, 0.025603, 0.023737, 0.021852, -0.004300, 0.042533, 0.050643, 0.045974, 0.086302, 0.001556, -0.562297, 0.041740, 0.043968, 0.047969, 0.063694, 0.109707, 0.001625, 0.032401, 0.031924, 0.034287, 0.034372, 0.059867, 0.086739, 0.031364, 0.031378, 0.031430, 0.033794, 0.042857, 0.040606, 0.029831, 0.030426, 0.031746, 0.031505, 0.039513, 0.044808, 0.027588, 0.029970, 0.030868, 0.030931, 0.036418, 0.035437, 0.044163, 0.048251, 0.042783, 0.095061, 0.082329, -0.353203, 0.031958, 0.030470, 0.028742, 0.040459, 0.113600, 0.081133, 0.025582, 0.023242, 0.020287, 0.011565, 0.035908, 0.091617, 0.028763, 0.028252, 0.026175, 0.022226, 0.024977, 0.033739, 0.028360, 0.028817, 0.029069, 0.025376, 0.028609, 0.039631, 0.025857, 0.027457, 0.028055, 0.026555, 0.028610, 0.032659},
{-0.380987, -0.098874, -0.004465, 0.010914, 0.016999, 0.016380, 2.168629, -0.289908, -0.036526, -0.023229, -0.000335, -0.001023, -0.371550, -0.078007, 0.004692, 0.013436, 0.020436, 0.020083, -0.048120, 0.007414, 0.023346, 0.028295, 0.026593, 0.027054, -0.033555, 0.019253, 0.029103, 0.026301, 0.025354, 0.026732, -0.004132, 0.021534, 0.024700, 0.024492, 0.024838, 0.024744, -0.001963, 0.100091, 0.066859, 0.047809, 0.044054, 0.041692, -0.489802, -0.020010, 0.064335, 0.030987, 0.037778, 0.032694, -0.033428, 0.088233, 0.059071, 0.041339, 0.039900, 0.037280, 0.093359, 0.059268, 0.033052, 0.033660, 0.031668, 0.031583, 0.036205, 0.039887, 0.033782, 0.032070, 0.030979, 0.031215, 0.045528, 0.039238, 0.032099, 0.030988, 0.030460, 0.029715, 0.080785, 0.111699, 0.047468, 0.031178, 0.031817, 0.031883, -0.345899, 0.026444, 0.060756, 0.025488, 0.034543, 0.030318, 0.041681, 0.100400, 0.045537, 0.031292, 0.033949, 0.032492, 0.099576, 0.041607, 0.014807, 0.023250, 0.025135, 0.025737, 0.029833, 0.024138, 0.023095, 0.027244, 0.028046, 0.027653, 0.040081, 0.028927, 0.025465, 0.027901, 0.028372, 0.027292},
{-0.075154, -0.284794, -0.080282, 0.005792, 0.015189, 0.020976, -0.289908, 2.327654, -0.284864, -0.026312, -0.021296, -0.000711, -0.085076, -0.287846, -0.076383, 0.009290, 0.014448, 0.020346, 0.006967, -0.011132, 0.009576, 0.023269, 0.027917, 0.026426, 0.018913, -0.007719, 0.017927, 0.029905, 0.026342, 0.025771, 0.025080, 0.014344, 0.023723, 0.025648, 0.024985, 0.025823, 0.107842, -0.019663, 0.084988, 0.062641, 0.043423, 0.043880, -0.020105, -0.444122, -0.039210, 0.066996, 0.029042, 0.037801, 0.084961, -0.040931, 0.073726, 0.059733, 0.040170, 0.041145, 0.060734, 0.073426, 0.054545, 0.031509, 0.032783, 0.032608, 0.039315, 0.027630, 0.035171, 0.032490, 0.030603, 0.031063, 0.039251, 0.037167, 0.036575, 0.030311, 0.031127, 0.031203, 0.114431, 0.028008, 0.097170, 0.044994, 0.028024, 0.030785, 0.026970, -0.337024, 0.009795, 0.065918, 0.025025, 0.034062, 0.099247, 0.010246, 0.090847, 0.048409, 0.030269, 0.032955, 0.043883, 0.072605, 0.044659, 0.016542, 0.023061, 0.024757, 0.023537, 0.021354, 0.026551, 0.024705, 0.026660, 0.027465, 0.027105, 0.031877, 0.030730, 0.025708, 0.028428, 0.027854},
{0.003965, -0.074350, -0.274765, -0.078513, 0.006958, 0.019177, -0.036526, -0.284864, 2.344333, -0.283086, -0.025884, -0.023079, 0.002687, -0.080885, -0.279648, -0.076861, 0.008623, 0.013446, 0.022505, 0.010330, -0.008006, 0.010952, 0.022295, 0.027811, 0.029125, 0.018137, -0.005537, 0.019584, 0.029500, 0.026826, 0.025385, 0.024036, 0.016673, 0.024204, 0.025575, 0.025622, 0.064583, 0.087670, -0.021544, 0.083320, 0.063003, 0.047726, 0.063979, -0.038967, -0.439624, -0.041122, 0.067800, 0.029629, 0.059207, 0.071439, -0.040068, 0.070693, 0.059895, 0.042467, 0.033471, 0.056418, 0.072925, 0.054134, 0.031634, 0.035001, 0.033275, 0.035285, 0.026581, 0.034666, 0.033060, 0.032534, 0.031119, 0.036442, 0.036923, 0.035713, 0.030316, 0.031141, 0.040424, 0.098288, 0.027058, 0.095950, 0.044587, 0.028849, 0.060506, 0.009587, -0.333222, 0.007707, 0.066266, 0.024330, 0.046314, 0.088750, 0.011330, 0.088014, 0.049162, 0.032635, 0.015870, 0.046509, 0.073095, 0.044364, 0.016620, 0.023619, 0.023041, 0.026464, 0.021351, 0.026078, 0.024174, 0.026602, 0.024452, 0.030367, 0.032543, 0.030544, 0.025416, 0.028165},
{0.017873, 0.006347, -0.077028, -0.275065, -0.074546, 0.003687, -0.023229, -0.026312, -0.283086, 2.344876, -0.285832, -0.037017, 0.013814, 0.008589, -0.077632, -0.278272, -0.079551, 0.002505, 0.028094, 0.022864, 0.010729, -0.006459, 0.010305, 0.022384, 0.026285, 0.028949, 0.018678, -0.005624, 0.018114, 0.029400, 0.026654, 0.026264, 0.023842, 0.016768, 0.023539, 0.024994, 0.048669, 0.062576, 0.083941, -0.020143, 0.087266, 0.063661, 0.030775, 0.066461, -0.041889, -0.439235, -0.040120, 0.063405, 0.041699, 0.059273, 0.070423, -0.040620, 0.072640, 0.059219, 0.033278, 0.032374, 0.055642, 0.074452, 0.056317, 0.034042, 0.030348, 0.032624, 0.034688, 0.027175, 0.036019, 0.034769, 0.031177, 0.030570, 0.034709, 0.036666, 0.035842, 0.031059, 0.028390, 0.043871, 0.096710, 0.027316, 0.098240, 0.042364, 0.025711, 0.066395, 0.008060, -0.332734, 0.009216, 0.060064, 0.032558, 0.048941, 0.087130, 0.009785, 0.089784, 0.046360, 0.024077, 0.017424, 0.044461, 0.072565, 0.044868, 0.015168, 0.027109, 0.025324, 0.025752, 0.020580, 0.026192, 0.023105, 0.028503, 0.026161, 0.029746, 0.032583, 0.030294, 0.024550},
{0.021485, 0.013944, 0.005101, -0.080758, -0.285381, -0.076193, -0.000335, -0.021296, -0.025884, -0.285832, 2.329388, -0.290517, 0.018793, 0.014247, 0.009584, -0.076570, -0.287839, -0.083792, 0.026994, 0.028556, 0.022587, 0.011312, -0.011002, 0.006037, 0.025664, 0.026255, 0.028967, 0.018576, -0.007380, 0.017982, 0.025509, 0.025084, 0.026300, 0.024635, 0.014927, 0.023357, 0.044970, 0.044645, 0.065244, 0.085406, -0.018898, 0.108064, 0.037339, 0.028755, 0.067688, -0.040610, -0.442458, -0.019922, 0.039336, 0.040199, 0.059468, 0.072922, -0.041592, 0.085980, 0.031794, 0.032867, 0.031783, 0.056697, 0.073090, 0.060802, 0.030920, 0.030186, 0.032350, 0.035726, 0.027465, 0.039957, 0.030353, 0.029843, 0.030067, 0.036029, 0.037787, 0.039077, 0.029684, 0.026271, 0.046699, 0.097081, 0.026793, 0.113606, 0.034178, 0.023981, 0.066500, 0.009008, -0.335678, 0.025631, 0.033432, 0.030873, 0.048321, 0.090235, 0.010143, 0.099136, 0.025068, 0.023362, 0.016191, 0.045563, 0.071436, 0.043885, 0.028386, 0.027268, 0.024381, 0.026098, 0.020538, 0.023954, 0.029305, 0.029145, 0.026276, 0.029575, 0.032239, 0.027876},
{0.017692, 0.016710, 0.009329, -0.002676, -0.097901, -0.380689, -0.001023, -0.000711, -0.023079, -0.037017, -0.290517, 2.167995, 0.018626, 0.019638, 0.014501, 0.004310, -0.079438, -0.372451, 0.026527, 0.026825, 0.028404, 0.022977, 0.008054, -0.048164, 0.025770, 0.025571, 0.027487, 0.028560, 0.018953, -0.033022, 0.024927, 0.024958, 0.024706, 0.024411, 0.021216, -0.002767, 0.041376, 0.045027, 0.048083, 0.067061, 0.100017, -0.002723, 0.032963, 0.038687, 0.031228, 0.062868, -0.018956, -0.488689, 0.037476, 0.040382, 0.041753, 0.058359, 0.087617, -0.033127, 0.031448, 0.031658, 0.033563, 0.032645, 0.060477, 0.093089, 0.030118, 0.030520, 0.032567, 0.033091, 0.039930, 0.035478, 0.030197, 0.030701, 0.031251, 0.031751, 0.038958, 0.045293, 0.031914, 0.031966, 0.030647, 0.047969, 0.112267, 0.078541, 0.029981, 0.034162, 0.025273, 0.059641, 0.026890, -0.346409, 0.032729, 0.033706, 0.032122, 0.045860, 0.099856, 0.042274, 0.026770, 0.024433, 0.022690, 0.015790, 0.043830, 0.100748, 0.027761, 0.027364, 0.027735, 0.022551, 0.024102, 0.029652, 0.028337, 0.029109, 0.029165, 0.024844, 0.028462, 0.038725},
{-0.068350, -0.001335, 0.021339, 0.027454, 0.024986, 0.023901, -0.371550, -0.085076, 0.002687, 0.013814, 0.018793, 0.018626, 2.199280, -0.276378, -0.031711, -0.020221, 0.000883, 0.001514, -0.368889, -0.078955, 0.004222, 0.013663, 0.019567, 0.018405, -0.048969, 0.006236, 0.022858, 0.027728, 0.025847, 0.027032, -0.035642, 0.015738, 0.027796, 0.026131, 0.026604, 0.025749, 0.086132, 0.062506, 0.036630, 0.036359, 0.032911, 0.032912, -0.037297, 0.084217, 0.058798, 0.042202, 0.040421, 0.038308, -0.481580, -0.019097, 0.062630, 0.030493, 0.037241, 0.032343, -0.040236, 0.083022, 0.057082, 0.041385, 0.039867, 0.036366, 0.093251, 0.059790, 0.033975, 0.034639, 0.031580, 0.031818, 0.040259, 0.042152, 0.034857, 0.031977, 0.031644, 0.029948, 0.093573, 0.042528, 0.014727, 0.022964, 0.023814, 0.024781, 0.038237, 0.097287, 0.046660, 0.033218, 0.033976, 0.032938, -0.341889, 0.027219, 0.059964, 0.026220, 0.034923, 0.030571, 0.036416, 0.097184, 0.044573, 0.031862, 0.033899, 0.032261, 0.100736, 0.043951, 0.016655, 0.024420, 0.025405, 0.026967, 0.033296, 0.025329, 0.022986, 0.026269, 0.028183, 0.026895},
{0.005447, -0.017582, 0.007330, 0.024044, 0.030393, 0.027041, -0.078007, -0.287846, -0.080885, 0.008589, 0.014247, 0.019638, -0.276378, 2.348492, -0.275503, -0.022094, -0.018727, 0.000726, -0.081108, -0.287516, -0.078034, 0.008953, 0.013958, 0.020299, 0.007428, -0.011316, 0.009294, 0.022547, 0.028223, 0.026190, 0.021031, -0.007221, 0.019723, 0.030433, 0.026989, 0.027234, 0.058206, 0.068579, 0.054932, 0.033019, 0.034343, 0.032238, 0.087840, -0.042361, 0.070179, 0.059444, 0.039725, 0.040710, -0.019121, -0.436579, -0.038141, 0.067015, 0.028210, 0.036084, 0.082834, -0.044237, 0.070098, 0.058084, 0.038825, 0.039348, 0.060594, 0.074235, 0.055244, 0.032125, 0.033632, 0.030742, 0.042743, 0.029821, 0.037712, 0.033376, 0.031023, 0.030865, 0.035233, 0.064114, 0.041464, 0.014177, 0.020979, 0.022867, 0.099502, 0.008171, 0.087734, 0.048741, 0.030115, 0.033684, 0.027680, -0.330519, 0.010788, 0.066872, 0.025013, 0.034253, 0.096564, 0.006554, 0.087751, 0.048000, 0.030246, 0.034580, 0.043006, 0.072991, 0.046024, 0.017446, 0.023687, 0.024892, 0.024289, 0.021603, 0.027840, 0.023955, 0.026360, 0.028203},
{0.026460, 0.008859, -0.015823, 0.008461, 0.024539, 0.031137, 0.004692, -0.076383, -0.279648, -0.077632, 0.009584, 0.014501, -0.031711, -0.275503, 2.361688, -0.274510, -0.021473, -0.021382, 0.003296, -0.080029, -0.279056, -0.077021, 0.008277, 0.013311, 0.023151, 0.011361, -0.006263, 0.010622, 0.023632, 0.028252, 0.029926, 0.019146, -0.004106, 0.019522, 0.029662, 0.028530, 0.033388, 0.053652, 0.066663, 0.054494, 0.032280, 0.034183, 0.058232, 0.073497, -0.042802, 0.070184, 0.059570, 0.041157, 0.062523, -0.038497, -0.432438, -0.040629, 0.067652, 0.029939, 0.058288, 0.069275, -0.044274, 0.068606, 0.057934, 0.041775, 0.032704, 0.056067, 0.073149, 0.054699, 0.032219, 0.033807, 0.033902, 0.037029, 0.029586, 0.037371, 0.032472, 0.031949, 0.011629, 0.039093, 0.063330, 0.040744, 0.014133, 0.020852, 0.045062, 0.090870, 0.008351, 0.087526, 0.048974, 0.031653, 0.060535, 0.011275, -0.326771, 0.008296, 0.066979, 0.026290, 0.046535, 0.087405, 0.007518, 0.086173, 0.047267, 0.032293, 0.015262, 0.045831, 0.072290, 0.044129, 0.017007, 0.023245, 0.022631, 0.026941, 0.022794, 0.027840, 0.023695, 0.026924},
{0.029998, 0.025192, 0.009089, -0.014597, 0.009081, 0.025124, 0.013436, 0.009290, -0.076861, -0.278272, -0.076570, 0.004310, -0.020221, -0.022094, -0.274510, 2.363189, -0.274703, -0.032436, 0.013531, 0.007346, -0.078442, -0.279939, -0.077996, 0.004900, 0.028694, 0.022944, 0.011343, -0.007768, 0.010841, 0.023555, 0.027884, 0.029474, 0.020043, -0.004957, 0.019965, 0.029176, 0.033681, 0.032070, 0.053726, 0.067427, 0.053069, 0.033611, 0.041950, 0.059705, 0.069965, -0.042713, 0.071451, 0.057318, 0.030497, 0.067048, -0.040818, -0.432511, -0.037713, 0.062358, 0.041945, 0.057975, 0.068386, -0.044078, 0.070059, 0.058425, 0.033923, 0.031770, 0.055567, 0.073370, 0.056025, 0.033439, 0.030923, 0.032323, 0.037030, 0.029554, 0.038487, 0.033956, 0.021947, 0.014058, 0.040311, 0.064551, 0.039619, 0.011624, 0.032316, 0.047972, 0.086714, 0.008181, 0.089549, 0.045699, 0.026551, 0.066534, 0.008153, -0.327535, 0.011385, 0.061242, 0.032273, 0.048050, 0.086081, 0.006942, 0.087422, 0.045685, 0.023920, 0.017812, 0.045074, 0.072222, 0.044600, 0.014955, 0.026339, 0.024652, 0.027292, 0.022499, 0.027140, 0.022211},
{0.027349, 0.029287, 0.023417, 0.006750, -0.016428, 0.005399, 0.020436, 0.014448, 0.008623, -0.079551, -0.287839, -0.079438, 0.000883, -0.018727, -0.021473, -0.274703, 2.347863, -0.276303, 0.019155, 0.014375, 0.008335, -0.079729, -0.287300, -0.079614, 0.025750, 0.027806, 0.023144, 0.010493, -0.009521, 0.007133, 0.027047, 0.026446, 0.029942, 0.019030, -0.006755, 0.020936, 0.032589, 0.034350, 0.033943, 0.053859, 0.068675, 0.058937, 0.040921, 0.040155, 0.059665, 0.071261, -0.043498, 0.086419, 0.036576, 0.028352, 0.067102, -0.038106, -0.437187, -0.018561, 0.040153, 0.039576, 0.057443, 0.069105, -0.044541, 0.084152, 0.031644, 0.032701, 0.031438, 0.056217, 0.074285, 0.058251, 0.031069, 0.030743, 0.033402, 0.037770, 0.030029, 0.042456, 0.022110, 0.020835, 0.015201, 0.040589, 0.063510, 0.036801, 0.033809, 0.029583, 0.048421, 0.089132, 0.007900, 0.099561, 0.034402, 0.024624, 0.066924, 0.010799, -0.331171, 0.028094, 0.033395, 0.030928, 0.048690, 0.087031, 0.006760, 0.098261, 0.025030, 0.023901, 0.017949, 0.045757, 0.071655, 0.041979, 0.028111, 0.027076, 0.024148, 0.026329, 0.020916, 0.025227},
{0.025017, 0.024683, 0.026631, 0.020945, -0.000231, -0.067851, 0.020083, 0.020346, 0.013446, 0.002505, -0.083792, -0.372451, 0.001514, 0.000726, -0.021382, -0.032436, -0.276303, 2.196310, 0.018728, 0.018868, 0.013902, 0.004772, -0.080863, -0.372043, 0.027176, 0.025759, 0.028506, 0.023575, 0.006189, -0.048007, 0.024654, 0.025602, 0.025730, 0.027640, 0.015611, -0.033826, 0.032448, 0.032871, 0.035992, 0.036368, 0.062520, 0.085451, 0.038957, 0.041138, 0.043045, 0.059141, 0.085733, -0.035888, 0.031498, 0.036305, 0.030094, 0.062336, -0.017955, -0.480158, 0.036335, 0.039458, 0.041497, 0.057055, 0.083275, -0.039532, 0.033120, 0.032002, 0.033611, 0.032538, 0.059922, 0.093227, 0.031383, 0.031698, 0.031703, 0.034658, 0.042143, 0.040781, 0.024756, 0.023659, 0.022709, 0.014312, 0.042278, 0.091847, 0.032506, 0.034230, 0.033139, 0.045757, 0.098472, 0.039341, 0.029770, 0.035102, 0.026987, 0.061112, 0.028257, -0.340784, 0.031339, 0.033730, 0.032926, 0.045161, 0.096624, 0.036053, 0.027078, 0.025014, 0.023968, 0.015996, 0.043524, 0.100128, 0.027641, 0.027527, 0.026165, 0.023304, 0.026102, 0.032040},
{-0.036760, 0.015513, 0.027458, 0.025110, 0.024904, 0.025259, -0.048120, 0.006967, 0.022505, 0.028094, 0.026994, 0.026527, -0.368889, -0.081108, 0.003296, 0.013531, 0.019155, 0.018728, 2.194799, -0.275530, -0.031712, -0.021237, 0.000040, 0.002949, -0.372465, -0.082222, 0.004398, 0.014007, 0.019895, 0.020287, -0.066085, -0.000271, 0.019609, 0.026433, 0.025237, 0.025798, 0.039517, 0.042115, 0.034830, 0.033117, 0.032338, 0.030931, 0.091038, 0.060505, 0.033162, 0.034137, 0.032300, 0.031617, -0.042612, 0.081822, 0.057550, 0.041941, 0.039317, 0.036391, -0.483813, -0.018713, 0.062534, 0.030178, 0.036757, 0.032581, -0.033505, 0.086187, 0.059665, 0.042309, 0.040477, 0.037773, 0.087176, 0.062925, 0.036450, 0.035982, 0.032294, 0.032188, 0.034657, 0.025834, 0.022894, 0.026843, 0.028367, 0.028049, 0.099812, 0.044942, 0.016589, 0.024751, 0.025619, 0.026563, 0.034822, 0.096503, 0.046758, 0.033419, 0.033220, 0.032005, -0.341749, 0.028461, 0.060445, 0.025876, 0.034286, 0.031337, 0.042471, 0.098234, 0.045042, 0.031521, 0.033660, 0.032754, 0.092242, 0.041142, 0.013059, 0.021895, 0.023525, 0.023865},
{0.020800, -0.008013, 0.019042, 0.028925, 0.027480, 0.027518, 0.007414, -0.011132, 0.010330, 0.022864, 0.028556, 0.026825, -0.078955, -0.287516, -0.080029, 0.007346, 0.014375, 0.018868, -0.275530, 2.345102, -0.275174, -0.022098, -0.018440, 0.001626, -0.078231, -0.286293, -0.078071, 0.008880, 0.013860, 0.019709, 0.005332, -0.016558, 0.007608, 0.024445, 0.028990, 0.027207, 0.043219, 0.029162, 0.037107, 0.032614, 0.031293, 0.031631, 0.059660, 0.073232, 0.055519, 0.031954, 0.032445, 0.032041, 0.082193, -0.046092, 0.068005, 0.057738, 0.039368, 0.038843, -0.019368, -0.437903, -0.037879, 0.067180, 0.029272, 0.036584, 0.088363, -0.039060, 0.072421, 0.059481, 0.040283, 0.040085, 0.059436, 0.070519, 0.054195, 0.032778, 0.033567, 0.031656, 0.025035, 0.022104, 0.027701, 0.024069, 0.026633, 0.028442, 0.042876, 0.073290, 0.046077, 0.017820, 0.023264, 0.025068, 0.096400, 0.006116, 0.087132, 0.049657, 0.031722, 0.032619, 0.026857, -0.331932, 0.012068, 0.067617, 0.025728, 0.034697, 0.098446, 0.009977, 0.088431, 0.047691, 0.030006, 0.033685, 0.034428, 0.063153, 0.038935, 0.013778, 0.021267, 0.022821},
{0.029538, 0.019211, -0.005664, 0.019446, 0.028810, 0.028564, 0.023346, 0.009576, -0.008006, 0.010729, 0.022587, 0.028404, 0.004222, -0.078034, -0.279056, -0.078442, 0.008335, 0.013902, -0.031712, -0.275174, 2.361559, -0.273900, -0.021231, -0.018950, 0.005143, -0.077175, -0.277008, -0.076696, 0.008757, 0.014916, 0.025747, 0.007865, -0.013381, 0.008837, 0.025253, 0.030442, 0.034267, 0.038579, 0.029147, 0.036979, 0.032942, 0.031854, 0.033909, 0.055252, 0.072373, 0.055053, 0.032984, 0.033990, 0.056993, 0.069342, -0.045775, 0.067274, 0.057821, 0.041174, 0.061660, -0.038294, -0.433389, -0.040626, 0.066125, 0.030022, 0.057908, 0.072501, -0.039362, 0.070674, 0.058217, 0.041759, 0.034380, 0.053834, 0.068186, 0.052975, 0.032377, 0.034028, 0.021917, 0.028123, 0.022803, 0.027374, 0.024048, 0.026892, 0.015954, 0.045293, 0.072644, 0.044897, 0.017959, 0.023537, 0.045876, 0.088156, 0.006529, 0.085375, 0.048319, 0.032316, 0.060650, 0.012030, -0.327838, 0.008553, 0.066465, 0.026494, 0.043876, 0.089497, 0.011198, 0.087913, 0.047211, 0.031202, 0.010668, 0.039213, 0.064459, 0.039886, 0.014093, 0.020801},
{0.027374, 0.030081, 0.018977, -0.005309, 0.018932, 0.029664, 0.028295, 0.023269, 0.010952, -0.006459, 0.011312, 0.022977, 0.013663, 0.008953, -0.077021, -0.279939, -0.079729, 0.004772, -0.021237, -0.022098, -0.273900, 2.361599, -0.273422, -0.031539, 0.014558, 0.008897, -0.078556, -0.277870, -0.075594, 0.004724, 0.030520, 0.025159, 0.008823, -0.013882, 0.009293, 0.025189, 0.032441, 0.034308, 0.036579, 0.028964, 0.037631, 0.035147, 0.033901, 0.031506, 0.054139, 0.072886, 0.056055, 0.032566, 0.041716, 0.057617, 0.067089, -0.046463, 0.067926, 0.057610, 0.030504, 0.067087, -0.040163, -0.433229, -0.037957, 0.062044, 0.041693, 0.058457, 0.069927, -0.039817, 0.073159, 0.058271, 0.033968, 0.032796, 0.054486, 0.067193, 0.053227, 0.033395, 0.026076, 0.025021, 0.027226, 0.023062, 0.026944, 0.022622, 0.023305, 0.016727, 0.044651, 0.073229, 0.045500, 0.015100, 0.033349, 0.048655, 0.084785, 0.005193, 0.086054, 0.046222, 0.026678, 0.067426, 0.009046, -0.327653, 0.011524, 0.060637, 0.031043, 0.047416, 0.087516, 0.012103, 0.090488, 0.044951, 0.020274, 0.014522, 0.040633, 0.064071, 0.039012, 0.010780},
{0.027107, 0.026102, 0.028610, 0.018644, -0.007310, 0.020718, 0.026593, 0.027917, 0.022295, 0.010305, -0.011002, 0.008054, 0.019567, 0.013958, 0.008277, -0.077996, -0.287300, -0.080863, 0.000040, -0.018440, -0.021231, -0.273422, 2.346088, -0.275580, 0.019204, 0.013781, 0.008128, -0.079703, -0.286835, -0.077729, 0.027699, 0.030014, 0.023859, 0.008112, -0.015942, 0.005478, 0.032242, 0.031609, 0.034163, 0.037925, 0.029125, 0.042161, 0.031838, 0.033256, 0.032739, 0.056227, 0.071931, 0.060343, 0.040709, 0.039732, 0.057736, 0.068894, -0.046401, 0.082261, 0.037092, 0.029834, 0.066838, -0.037968, -0.437775, -0.019200, 0.039688, 0.039423, 0.058841, 0.071825, -0.039883, 0.087676, 0.032282, 0.033152, 0.032159, 0.054869, 0.069163, 0.057437, 0.027574, 0.026257, 0.024559, 0.027573, 0.021966, 0.025245, 0.024034, 0.023057, 0.017777, 0.046180, 0.071686, 0.043896, 0.033820, 0.030236, 0.048015, 0.087197, 0.005205, 0.095643, 0.034497, 0.025676, 0.066745, 0.010981, -0.331978, 0.027697, 0.033353, 0.030330, 0.048097, 0.088808, 0.011154, 0.100882, 0.023342, 0.021688, 0.013906, 0.039679, 0.063184, 0.035174},
{0.025942, 0.025525, 0.025181, 0.027047, 0.014859, -0.035578, 0.027054, 0.026426, 0.027811, 0.022384, 0.006037, -0.048164, 0.018405, 0.020299, 0.013311, 0.004900, -0.079614, -0.372043, 0.002949, 0.001626, -0.018950, -0.031539, -0.275580, 2.195735, 0.019115, 0.018546, 0.012569, 0.001768, -0.085007, -0.371022, 0.025006, 0.025341, 0.025985, 0.019793, 0.000109, -0.062898, 0.031077, 0.031495, 0.032487, 0.035437, 0.041782, 0.038524, 0.032271, 0.032036, 0.035076, 0.034505, 0.060419, 0.092297, 0.036062, 0.039387, 0.041323, 0.058186, 0.083577, -0.043268, 0.032697, 0.036435, 0.031259, 0.061991, -0.018387, -0.481819, 0.037687, 0.040648, 0.043095, 0.059124, 0.085368, -0.032903, 0.032220, 0.033044, 0.035193, 0.036017, 0.061490, 0.086256, 0.027884, 0.028430, 0.028070, 0.023774, 0.025500, 0.033800, 0.026892, 0.024570, 0.023874, 0.015987, 0.044009, 0.100994, 0.031525, 0.033184, 0.031470, 0.045346, 0.098014, 0.033903, 0.031352, 0.034315, 0.027041, 0.059222, 0.027231, -0.341729, 0.032780, 0.033837, 0.033198, 0.046130, 0.098023, 0.041682, 0.023814, 0.023216, 0.021338, 0.015585, 0.041414, 0.091188},
{-0.003622, 0.021898, 0.024976, 0.023888, 0.024481, 0.025365, -0.033555, 0.018913, 0.029125, 0.026285, 0.025664, 0.025770, -0.048969, 0.007428, 0.023151, 0.028694, 0.025750, 0.027176, -0.372465, -0.078231, 0.005143, 0.014558, 0.019204, 0.019115, 2.161384, -0.289209, -0.036514, -0.022506, -0.001801, -0.000832, -0.375841, -0.094865, -0.003941, 0.010278, 0.018671, 0.019976, 0.044462, 0.038501, 0.032324, 0.031393, 0.031380, 0.030782, 0.034882, 0.038868, 0.033435, 0.031593, 0.031942, 0.031244, 0.092143, 0.059540, 0.032879, 0.034508, 0.031738, 0.032995, -0.035312, 0.087445, 0.058977, 0.042065, 0.039876, 0.037729, -0.495107, -0.019424, 0.064243, 0.031790, 0.037300, 0.032006, 0.003090, 0.101500, 0.066912, 0.047813, 0.044415, 0.041247, 0.040701, 0.029735, 0.026336, 0.027675, 0.029146, 0.028661, 0.031200, 0.024621, 0.023161, 0.026739, 0.028187, 0.027684, 0.100810, 0.042174, 0.014748, 0.024291, 0.024319, 0.026348, 0.041871, 0.099240, 0.044814, 0.031987, 0.033057, 0.032153, -0.348514, 0.026779, 0.059331, 0.025320, 0.033363, 0.029655, 0.083516, 0.110762, 0.045047, 0.029450, 0.031494, 0.030702},
{0.023909, 0.013498, 0.024092, 0.026851, 0.025909, 0.025913, 0.019253, -0.007719, 0.018137, 0.028949, 0.026255, 0.025571, 0.006236, -0.011316, 0.011361, 0.022944, 0.027806, 0.025759, -0.082222, -0.286293, -0.077175, 0.008897, 0.013781, 0.018546, -0.289209, 2.323923, -0.286586, -0.026073, -0.020266, -0.001378, -0.074931, -0.281883, -0.078183, 0.006210, 0.014719, 0.022001, 0.039734, 0.036806, 0.036558, 0.031369, 0.030590, 0.031543, 0.040264, 0.026828, 0.034686, 0.032704, 0.030464, 0.031272, 0.059754, 0.072129, 0.054727, 0.031723, 0.033088, 0.032020, 0.085406, -0.041339, 0.071823, 0.058669, 0.039924, 0.040753, -0.019515, -0.446153, -0.039787, 0.067922, 0.029895, 0.037438, 0.109743, -0.015184, 0.086366, 0.063442, 0.043691, 0.044648, 0.027144, 0.032341, 0.030870, 0.026450, 0.028046, 0.029094, 0.023656, 0.021803, 0.026485, 0.024937, 0.026577, 0.028091, 0.043086, 0.071559, 0.045225, 0.017988, 0.023590, 0.025209, 0.098459, 0.008760, 0.089153, 0.048904, 0.030946, 0.033647, 0.026195, -0.339933, 0.009517, 0.067074, 0.025402, 0.032837, 0.112176, 0.029144, 0.096585, 0.044364, 0.026277, 0.029333},
{0.025492, 0.023703, 0.015899, 0.025328, 0.025891, 0.026774, 0.029103, 0.017927, -0.005537, 0.018678, 0.028967, 0.027487, 0.022858, 0.009294, -0.006263, 0.011343, 0.023144, 0.028506, 0.004398, -0.078071, -0.277008, -0.078556, 0.008128, 0.012569, -0.036514, -0.286586, 2.340591, -0.285954, -0.025990, -0.022444, 0.003207, -0.075237, -0.271231, -0.075013, 0.008839, 0.017596, 0.030958, 0.036477, 0.036203, 0.035657, 0.030844, 0.031133, 0.034181, 0.036132, 0.026590, 0.034425, 0.032917, 0.032093, 0.033956, 0.054578, 0.071913, 0.054645, 0.031139, 0.034002, 0.058968, 0.071105, -0.041550, 0.069304, 0.058753, 0.042461, 0.064404, -0.039557, -0.441862, -0.042893, 0.067192, 0.032104, 0.064292, 0.088497, -0.015927, 0.085371, 0.062834, 0.047305, 0.024782, 0.030977, 0.032509, 0.030482, 0.026347, 0.027558, 0.023242, 0.026776, 0.021108, 0.025959, 0.025072, 0.026719, 0.016276, 0.044617, 0.072237, 0.045604, 0.017415, 0.023823, 0.046143, 0.088810, 0.009357, 0.087310, 0.048806, 0.032688, 0.060686, 0.010010, -0.335020, 0.006932, 0.066222, 0.025828, 0.039289, 0.097371, 0.031135, 0.096399, 0.042659, 0.026185},
{0.026684, 0.026821, 0.024351, 0.016472, 0.023885, 0.025385, 0.026301, 0.029905, 0.019584, -0.005624, 0.018576, 0.028560, 0.027728, 0.022547, 0.010622, -0.007768, 0.010493, 0.023575, 0.014007, 0.008880, -0.076696, -0.277870, -0.079703, 0.001768, -0.022506, -0.026073, -0.285954, 2.339143, -0.285807, -0.035740, 0.018144, 0.006817, -0.076605, -0.270439, -0.072649, 0.004961, 0.031124, 0.030449, 0.034952, 0.036473, 0.036655, 0.032059, 0.031432, 0.032284, 0.034457, 0.026133, 0.035947, 0.033261, 0.034562, 0.031480, 0.054030, 0.071881, 0.055660, 0.033860, 0.042018, 0.059224, 0.070586, -0.040384, 0.071717, 0.058310, 0.031027, 0.067560, -0.042251, -0.441544, -0.039050, 0.064524, 0.047013, 0.062016, 0.084820, -0.015611, 0.088196, 0.062990, 0.028435, 0.025793, 0.030316, 0.032875, 0.030509, 0.025152, 0.027451, 0.024588, 0.026213, 0.021105, 0.026814, 0.022579, 0.024422, 0.016800, 0.044435, 0.071746, 0.045252, 0.016495, 0.031586, 0.048478, 0.088362, 0.010662, 0.089088, 0.046188, 0.025186, 0.066580, 0.007152, -0.335609, 0.009678, 0.061069, 0.028235, 0.043422, 0.095986, 0.029653, 0.097076, 0.038866},
{0.026062, 0.025433, 0.026002, 0.023910, 0.014891, 0.024197, 0.025354, 0.026342, 0.029500, 0.018114, -0.007380, 0.018953, 0.025847, 0.028223, 0.023632, 0.010841, -0.009521, 0.006189, 0.019895, 0.013860, 0.008757, -0.075594, -0.286835, -0.085007, -0.001801, -0.020266, -0.025990, -0.285807, 2.322308, -0.290055, 0.021085, 0.014961, 0.006470, -0.078775, -0.281464, -0.074866, 0.030985, 0.030778, 0.030628, 0.036500, 0.036526, 0.038828, 0.030948, 0.030868, 0.033185, 0.035038, 0.026040, 0.040204, 0.032736, 0.033384, 0.031975, 0.053887, 0.072352, 0.060515, 0.040570, 0.039755, 0.058791, 0.072972, -0.041753, 0.084400, 0.037268, 0.029831, 0.067098, -0.039047, -0.446989, -0.018920, 0.044755, 0.043832, 0.062942, 0.086960, -0.014354, 0.108897, 0.029176, 0.029091, 0.026219, 0.031308, 0.032601, 0.028033, 0.027597, 0.026649, 0.024861, 0.026072, 0.019684, 0.024116, 0.025444, 0.022702, 0.016514, 0.044085, 0.071121, 0.043936, 0.034025, 0.030272, 0.048410, 0.091136, 0.010283, 0.098397, 0.033192, 0.025496, 0.066379, 0.010109, -0.339714, 0.027427, 0.029872, 0.026318, 0.043503, 0.095804, 0.029817, 0.112494},
{0.026809, 0.024950, 0.024885, 0.024422, 0.021456, -0.004049, 0.026732, 0.025771, 0.026826, 0.029400, 0.017982, -0.033022, 0.027032, 0.026190, 0.028252, 0.023555, 0.007133, -0.048007, 0.020287, 0.019709, 0.014916, 0.004724, -0.077729, -0.371022, -0.000832, -0.001378, -0.022444, -0.035740, -0.290055, 2.160918, 0.017514, 0.017596, 0.009907, -0.004148, -0.097278, -0.375729, 0.030409, 0.030787, 0.031776, 0.032485, 0.039387, 0.043913, 0.030557, 0.031052, 0.032573, 0.034528, 0.038697, 0.035803, 0.031812, 0.031186, 0.033673, 0.033122, 0.058728, 0.091296, 0.038109, 0.039842, 0.041712, 0.057587, 0.088047, -0.035270, 0.032284, 0.037228, 0.030919, 0.064206, -0.018416, -0.492414, 0.041597, 0.044931, 0.047370, 0.066342, 0.100771, 0.005653, 0.028575, 0.028258, 0.027831, 0.026059, 0.030352, 0.040561, 0.027637, 0.027762, 0.026867, 0.023120, 0.023201, 0.030543, 0.026140, 0.025379, 0.023681, 0.015012, 0.041744, 0.099870, 0.033097, 0.033831, 0.032192, 0.044869, 0.100622, 0.040723, 0.029551, 0.032491, 0.024984, 0.060879, 0.027286, -0.349991, 0.031134, 0.031312, 0.029349, 0.046526, 0.110029, 0.082990},
{-0.005045, 0.021812, 0.024056, 0.024504, 0.025636, 0.023475, -0.004132, 0.025080, 0.025385, 0.026654, 0.025509, 0.024927, -0.035642, 0.021031, 0.029926, 0.027884, 0.027047, 0.024654, -0.066085, 0.005332, 0.025747, 0.030520, 0.027699, 0.025006, -0.375841, -0.074931, 0.003207, 0.018144, 0.021085, 0.017514, 1.913369, -0.391055, -0.090763, -0.060003, -0.028241, -0.029283, 0.035092, 0.036839, 0.032127, 0.030059, 0.029844, 0.029213, 0.044869, 0.039217, 0.030962, 0.031767, 0.030038, 0.030790, 0.039650, 0.042601, 0.034145, 0.031190, 0.031568, 0.031523, 0.084207, 0.058306, 0.034943, 0.034308, 0.032224, 0.032809, 0.000303, 0.108096, 0.062993, 0.047741, 0.043844, 0.041575, -0.570888, 0.002597, 0.086684, 0.045915, 0.050669, 0.042983, 0.033372, 0.029695, 0.027842, 0.028879, 0.029238, 0.028222, 0.041156, 0.028348, 0.025158, 0.029787, 0.029526, 0.030179, 0.034866, 0.025116, 0.023198, 0.026060, 0.028597, 0.028261, 0.091060, 0.034893, 0.012022, 0.020859, 0.023386, 0.024410, 0.082618, 0.111811, 0.037918, 0.028497, 0.029890, 0.031109, -0.355494, 0.084898, 0.092978, 0.042122, 0.045748, 0.041066},
{0.022052, 0.012864, 0.024030, 0.026474, 0.025936, 0.025640, 0.021534, 0.014344, 0.024036, 0.026264, 0.025084, 0.024958, 0.015738, -0.007221, 0.019146, 0.029474, 0.026446, 0.025602, -0.000271, -0.016558, 0.007865, 0.025159, 0.030014, 0.025341, -0.094865, -0.281883, -0.075237, 0.006817, 0.014961, 0.017596, -0.391055, 2.156532, -0.374761, -0.070181, -0.054332, -0.029440, 0.036814, 0.030569, 0.033056, 0.030457, 0.029831, 0.030900, 0.039725, 0.037236, 0.035339, 0.030434, 0.030079, 0.030945, 0.042548, 0.029424, 0.036918, 0.033275, 0.031484, 0.031656, 0.060924, 0.068432, 0.053359, 0.032998, 0.033786, 0.032013, 0.100315, -0.018212, 0.087842, 0.063181, 0.043984, 0.044069, 0.001908, -0.492147, -0.029291, 0.091079, 0.043761, 0.051158, 0.028635, 0.027841, 0.029990, 0.027946, 0.027893, 0.028825, 0.029295, 0.033520, 0.030840, 0.026956, 0.028613, 0.029319, 0.026108, 0.022699, 0.028006, 0.024839, 0.027059, 0.028233, 0.040396, 0.062828, 0.039065, 0.014669, 0.021939, 0.023192, 0.110344, 0.027583, 0.097731, 0.044290, 0.026943, 0.030835, 0.083865, -0.345909, 0.045959, 0.098267, 0.039087, 0.046628},
{0.023018, 0.022785, 0.016385, 0.024122, 0.026796, 0.025603, 0.024700, 0.023723, 0.016673, 0.023842, 0.026300, 0.024706, 0.027796, 0.019723, -0.004106, 0.020043, 0.029942, 0.025730, 0.019609, 0.007608, -0.013381, 0.008823, 0.023859, 0.025985, -0.003941, -0.078183, -0.271231, -0.076605, 0.006470, 0.009907, -0.090763, -0.374761, 2.181499, -0.373086, -0.069346, -0.060686, 0.031208, 0.032545, 0.031108, 0.032146, 0.030745, 0.031820, 0.032915, 0.035591, 0.035981, 0.034764, 0.030636, 0.031784, 0.035673, 0.036650, 0.028034, 0.036841, 0.033783, 0.032699, 0.036071, 0.053070, 0.065945, 0.052630, 0.032681, 0.035930, 0.066711, 0.085951, -0.018243, 0.083675, 0.063826, 0.048189, 0.087245, -0.028155, -0.485410, -0.033460, 0.091289, 0.046889, 0.027307, 0.029785, 0.029431, 0.029115, 0.027330, 0.027993, 0.026508, 0.030857, 0.033352, 0.030328, 0.026421, 0.028223, 0.023448, 0.027686, 0.023563, 0.027938, 0.024859, 0.026756, 0.014101, 0.039868, 0.063925, 0.039708, 0.014522, 0.021978, 0.044476, 0.097142, 0.029717, 0.095653, 0.044820, 0.029720, 0.092822, 0.044508, -0.342998, 0.041399, 0.098342, 0.042360},
{0.025373, 0.026837, 0.024284, 0.015725, 0.023152, 0.023737, 0.024492, 0.025648, 0.024204, 0.016768, 0.024635, 0.024411, 0.026131, 0.030433, 0.019522, -0.004957, 0.019030, 0.027640, 0.026433, 0.024445, 0.008837, -0.013882, 0.008112, 0.019793, 0.010278, 0.006210, -0.075013, -0.270439, -0.078775, -0.004148, -0.060003, -0.070181, -0.373086, 2.182308, -0.374581, -0.092860, 0.029966, 0.030257, 0.032885, 0.029950, 0.033458, 0.032490, 0.031288, 0.029717, 0.035089, 0.036494, 0.036374, 0.031943, 0.033013, 0.033268, 0.036732, 0.028506, 0.037351, 0.035523, 0.035800, 0.032011, 0.052198, 0.065658, 0.054731, 0.035963, 0.048215, 0.063995, 0.084714, -0.018269, 0.085273, 0.066401, 0.046899, 0.091405, -0.033280, -0.485360, -0.027478, 0.086074, 0.028449, 0.027895, 0.030366, 0.027747, 0.029259, 0.027515, 0.028530, 0.025894, 0.031036, 0.033243, 0.030680, 0.025403, 0.027215, 0.024373, 0.028647, 0.023378, 0.027450, 0.024088, 0.022538, 0.014010, 0.040054, 0.063210, 0.040028, 0.014374, 0.029420, 0.044928, 0.096826, 0.028536, 0.095713, 0.046120, 0.042155, 0.097815, 0.040287, -0.344189, 0.044989, 0.094529},
